Sample for TNM control file HEAD.
  1.0000   1.4000   1.3000   0.7000   2.8000 162.3000   5  20 TRF SAM
  1.0000   1.4000  40
  0.70000000D-01
  0.14000000D+00
  0.21000000D+00
  0.28000000D+00
  0.35000000D+00
  0.42000000D+00
  0.49000000D+00
  0.56000000D+00
  0.63000000D+00
  0.70000000D+00
  0.77000000D+00
  0.84000000D+00
  0.91000000D+00
  0.98000000D+00
  0.10500000D+01
  0.11200000D+01
  0.11900000D+01
  0.12600000D+01
  0.13300000D+01
  0.14000000D+01
  0.14700000D+01
  0.15400000D+01
  0.16100000D+01
  0.16800000D+01
  0.17500000D+01
  0.18200000D+01
  0.18900000D+01
  0.19600000D+01
  0.20300000D+01
  0.21000000D+01
  0.21700000D+01
  0.22400000D+01
  0.23100000D+01
  0.23800000D+01
  0.24500000D+01
  0.25200000D+01
  0.25900000D+01
  0.26600000D+01
  0.27300000D+01
  0.28000000D+01
  0.78980870D-01   0.78980870D-01
  0.45106623D-01   0.45106623D-01
  0.81858901D-02   0.81858901D-02
  0.12271635D-01   0.12271635D-01
 -0.35501510D-01  -0.35501510D-01
 -0.10095514D+00  -0.10095514D+00
 -0.18529242D-01  -0.18529242D-01
 -0.81536978D-01  -0.81536978D-01
 -0.17487941D+00  -0.17487941D+00
 -0.28422280D+00  -0.28422280D+00
 -0.46210272D-01  -0.46210272D-01
 -0.12516056D+00  -0.12516056D+00
 -0.24731234D+00  -0.24731234D+00
 -0.39393122D+00  -0.39393122D+00
 -0.54433213D+00  -0.54433213D+00
 -0.69860553D-01  -0.69860553D-01
 -0.16226518D+00  -0.16226518D+00
 -0.30953849D+00  -0.30953849D+00
 -0.49009292D+00  -0.49009292D+00
 -0.67970608D+00  -0.67970608D+00
 -0.85573801D+00  -0.85573801D+00
 -0.88943146D-01  -0.88943146D-01
 -0.19014688D+00  -0.19014688D+00
 -0.35561550D+00  -0.35561550D+00
 -0.56287296D+00  -0.56287296D+00
 -0.78616900D+00  -0.78616900D+00
 -0.10006046D+01  -0.10006046D+01
 -0.11856850D+01  -0.11856850D+01
 -0.10338374D+00  -0.10338374D+00
 -0.20784715D+00  -0.20784715D+00
 -0.38309954D+00  -0.38309954D+00
 -0.60769654D+00  -0.60769654D+00
 -0.85641044D+00  -0.85641044D+00
 -0.11038288D+01  -0.11038288D+01
 -0.13276487D+01  -0.13276487D+01
 -0.15111143D+01  -0.15111143D+01
 -0.11353897D+00  -0.11353897D+00
 -0.21604852D+00  -0.21604852D+00
 -0.39288503D+00  -0.39288503D+00
 -0.62511979D+00  -0.62511979D+00
 -0.88973515D+00  -0.88973515D+00
 -0.11624044D+01  -0.11624044D+01
 -0.14202637D+01  -0.14202637D+01
 -0.16442740D+01  -0.16442740D+01
 -0.18208615D+01  -0.18208615D+01
 -0.12006834D+00  -0.12006834D+00
 -0.21660956D+00  -0.21660956D+00
 -0.38831984D+00  -0.38831984D+00
 -0.61960507D+00  -0.61960507D+00
 -0.89072409D+00  -0.89072409D+00
 -0.11796483D+01  -0.11796483D+01
 -0.14641665D+01  -0.14641665D+01
 -0.17240006D+01  -0.17240006D+01
 -0.19426612D+01  -0.19426612D+01
 -0.21087904D+01  -0.21087904D+01
 -0.12375758D+00  -0.12375758D+00
 -0.21191418D+00  -0.21191418D+00
 -0.37393360D+00  -0.37393360D+00
 -0.59768052D+00  -0.59768052D+00
 -0.86706500D+00  -0.86706500D+00
 -0.11630626D+01  -0.11630626D+01
 -0.14651367D+01  -0.14651366D+01
 -0.17529764D+01  -0.17529764D+01
 -0.20083509D+01  -0.20083509D+01
 -0.22167984D+01  -0.22167984D+01
 -0.23688620D+01  -0.23688620D+01
 -0.12534826D+00  -0.12534826D+00
 -0.20423719D+00  -0.20423719D+00
 -0.35417451D+00  -0.35417451D+00
 -0.56605791D+00  -0.56605791D+00
 -0.82723402D+00  -0.82723402D+00
 -0.11218887D+01  -0.11218887D+01
 -0.14318773D+01  -0.14318773D+01
 -0.17380158D+01  -0.17380158D+01
 -0.20217163D+01  -0.20217163D+01
 -0.22667226D+01  -0.22667226D+01
 -0.24606433D+01  -0.24606433D+01
 -0.25959907D+01  -0.25959907D+01
 -0.12541822D+00  -0.12541822D+00
 -0.19529247D+00  -0.19529247D+00
 -0.33248496D+00  -0.33248496D+00
 -0.53019957D+00  -0.53019957D+00
 -0.77863102D+00  -0.77863102D+00
 -0.10649862D+01  -0.10649862D+01
 -0.13738765D+01  -0.13738766D+01
 -0.16881612D+01  -0.16881612D+01
 -0.19902022D+01  -0.19902022D+01
 -0.22633740D+01  -0.22633740D+01
 -0.24935836D+01  -0.24935836D+01
 -0.26705353D+01  -0.26705353D+01
 -0.27885126D+01  -0.27885126D+01
 -0.12433562D+00  -0.12433562D+00
 -0.18604926D+00  -0.18604926D+00
 -0.31089259D+00  -0.31089259D+00
 -0.49361133D+00  -0.49361133D+00
 -0.72653380D+00  -0.72653380D+00
 -0.99945958D+00  -0.99945958D+00
 -0.12997841D+01  -0.12997841D+01
 -0.16129514D+01  -0.16129514D+01
 -0.19232599D+01  -0.19232599D+01
 -0.22149646D+01  -0.22149646D+01
 -0.24735416D+01  -0.24735416D+01
 -0.26869302D+01  -0.26869302D+01
 -0.28465514D+01  -0.28465514D+01
 -0.29479335D+01  -0.29479335D+01
 -0.12228307D+00  -0.12228307D+00
 -0.17680761D+00  -0.17680761D+00
 -0.29010982D+00  -0.29010982D+00
 -0.45787575D+00  -0.45787575D+00
 -0.67393193D+00  -0.67393193D+00
 -0.93016149D+00  -0.93016149D+00
 -0.12165064D+01  -0.12165064D+01
 -0.15211282D+01  -0.15211282D+01
 -0.18307911D+01  -0.18307911D+01
 -0.21315012D+01  -0.21315012D+01
 -0.24093839D+01  -0.24093839D+01
 -0.26517191D+01  -0.26517191D+01
 -0.28479997D+01  -0.28479997D+01
 -0.29908417D+01  -0.29908417D+01
 -0.30765834D+01  -0.30765834D+01
 -0.11932791D+00  -0.11932791D+00
 -0.16744711D+00  -0.16744712D+00
 -0.26998366D+00  -0.26998366D+00
 -0.42321816D+00  -0.42321816D+00
 -0.62203521D+00  -0.62203522D+00
 -0.85993294D+00  -0.85993294D+00
 -0.11289998D+01  -0.11289998D+01
 -0.14198971D+01  -0.14198971D+01
 -0.17219226D+01  -0.17219226D+01
 -0.20232472D+01  -0.20232472D+01
 -0.23113915D+01  -0.23113915D+01
 -0.25739622D+01  -0.25739622D+01
 -0.27995847D+01  -0.27995847D+01
 -0.29789010D+01  -0.29789010D+01
 -0.31054532D+01  -0.31054532D+01
 -0.31762730D+01  -0.31762730D+01
 -0.11550494D+00  -0.11550494D+00
 -0.15772640D+00  -0.15772640D+00
 -0.25006228D+00  -0.25006229D+00
 -0.38928166D+00  -0.38928166D+00
 -0.57109893D+00  -0.57109893D+00
 -0.79026397D+00  -0.79026398D+00
 -0.10405578D+01  -0.10405578D+01
 -0.13147009D+01  -0.13147009D+01
 -0.16042383D+01  -0.16042383D+01
 -0.18995067D+01  -0.18995067D+01
 -0.21897945D+01  -0.21897946D+01
 -0.24637711D+01  -0.24637711D+01
 -0.27101906D+01  -0.27101906D+01
 -0.29187946D+01  -0.29187946D+01
 -0.30812655D+01  -0.30812656D+01
 -0.31920482D+01  -0.31920482D+01
 -0.32488702D+01  -0.32488702D+01
 -0.11088086D+00  -0.11088086D+00
 -0.14752078D+00  -0.14752078D+00
 -0.23005943D+00  -0.23005943D+00
 -0.35579600D+00  -0.35579600D+00
 -0.52119985D+00  -0.52119985D+00
 -0.72202448D+00  -0.72202448D+00
 -0.95332571D+00  -0.95332571D+00
 -0.12093713D+01  -0.12093713D+01
 -0.14834814D+01  -0.14834815D+01
 -0.17678817D+01  -0.17678817D+01
 -0.20536751D+01  -0.20536751D+01
 -0.23310223D+01  -0.23310223D+01
 -0.25895823D+01  -0.25895823D+01
 -0.28191917D+01  -0.28191918D+01
 -0.30107005D+01  -0.30107005D+01
 -0.31568234D+01  -0.31568235D+01
 -0.32528513D+01  -0.32528513D+01
 -0.32970832D+01  -0.32970832D+01
 -0.10558255D+00  -0.10558255D+00
 -0.13693087D+00  -0.13693087D+00
 -0.21008131D+00  -0.21008132D+00
 -0.32293705D+00  -0.32293705D+00
 -0.47270900D+00  -0.47270900D+00
 -0.65599348D+00  -0.65599349D+00
 -0.86879483D+00  -0.86879484D+00
 -0.11064757D+01  -0.11064757D+01
 -0.13636454D+01  -0.13636454D+01
 -0.16340261D+01  -0.16340261D+01
 -0.19103608D+01  -0.19103608D+01
 -0.21844377D+01  -0.21844378D+01
 -0.24472892D+01  -0.24472892D+01
 -0.26895989D+01  -0.26895990D+01
 -0.29022991D+01  -0.29022992D+01
 -0.30772906D+01  -0.30772906D+01
 -0.32081783D+01  -0.32081784D+01
 -0.32908948D+01  -0.32908949D+01
 -0.33240927D+01  -0.33240927D+01
 -0.99787884D-01  -0.99787885D-01
 -0.12625522D+00  -0.12625522D+00
 -0.19059567D+00  -0.19059567D+00
 -0.29133097D+00  -0.29133097D+00
 -0.42638036D+00  -0.42638037D+00
 -0.59306727D+00  -0.59306728D+00
 -0.78812623D+00  -0.78812624D+00
 -0.10076990D+01  -0.10076990D+01
 -0.12473081D+01  -0.12473082D+01
 -0.15018033D+01  -0.15018033D+01
 -0.17652941D+01  -0.17652941D+01
 -0.20311032D+01  -0.20311033D+01
 -0.22917929D+01  -0.22917930D+01
 -0.25393207D+01  -0.25393207D+01
 -0.27653630D+01  -0.27653631D+01
 -0.29618146D+01  -0.29618146D+01
 -0.31214174D+01  -0.31214174D+01
 -0.32384311D+01  -0.32384311D+01
 -0.33092266D+01  -0.33092266D+01
 -0.33326818D+01  -0.33326818D+01
 -0.93691565D-01  -0.93691565D-01
 -0.11587106D+00  -0.11587106D+00
 -0.17222099D+00  -0.17222099D+00
 -0.26179920D+00  -0.26179921D+00
 -0.38313778D+00  -0.38313779D+00
 -0.53418117D+00  -0.53418118D+00
 -0.71226737D+00  -0.71226738D+00
 -0.91415233D+00  -0.91415235D+00
 -0.11360551D+01  -0.11360551D+01
 -0.13736896D+01  -0.13736897D+01
 -0.16222557D+01  -0.16222557D+01
 -0.18763857D+01  -0.18763858D+01
 -0.21300774D+01  -0.21300774D+01
 -0.23766720D+01  -0.23766720D+01
 -0.26089471D+01  -0.26089471D+01
 -0.28193813D+01  -0.28193814D+01
 -0.30006032D+01  -0.30006032D+01
 -0.31459869D+01  -0.31459869D+01
 -0.32503014D+01  -0.32503015D+01
 -0.33102898D+01  -0.33102898D+01
 -0.33250555D+01  -0.33250555D+01
 -0.87465567D-01  -0.87465567D-01
 -0.10609301D+00  -0.10609301D+00
 -0.15546633D+00  -0.15546633D+00
 -0.23501811D+00  -0.23501812D+00
 -0.34373981D+00  -0.34373982D+00
 -0.48008307D+00  -0.48008308D+00
 -0.64191923D+00  -0.64191924D+00
 -0.82656606D+00  -0.82656608D+00
 -0.10308610D+01  -0.10308611D+01
 -0.12512392D+01  -0.12512393D+01
 -0.14837709D+01  -0.14837710D+01
 -0.17241316D+01  -0.17241316D+01
 -0.19675125D+01  -0.19675126D+01
 -0.22085146D+01  -0.22085147D+01
 -0.24410978D+01  -0.24410978D+01
 -0.26586579D+01  -0.26586579D+01
 -0.28542834D+01  -0.28542835D+01
 -0.30211970D+01  -0.30211970D+01
 -0.31533312D+01  -0.31533313D+01
 -0.32459458D+01  -0.32459458D+01
 -0.32961646D+01  -0.32961646D+01
 -0.33033198D+01  -0.33033198D+01
 -0.81231830D-01  -0.81231831D-01
 -0.97074197D-01  -0.97074198D-01
 -0.14054428D+00  -0.14054429D+00
 -0.21126396D+00  -0.21126396D+00
 -0.30851021D+00  -0.30851022D+00
 -0.43112253D+00  -0.43112255D+00
 -0.57745444D+00  -0.57745446D+00
 -0.74538157D+00  -0.74538159D+00
 -0.93235550D+00  -0.93235560D+00
 -0.11354738D+01  -0.11354739D+01
 -0.13515279D+01  -0.13515279D+01
 -0.15769979D+01  -0.15769980D+01
 -0.18079874D+01  -0.18079875D+01
 -0.20401151D+01  -0.20401152D+01
 -0.22684144D+01  -0.22684145D+01
 -0.24873028D+01  -0.24873029D+01
 -0.26906780D+01  -0.26906781D+01
 -0.28721791D+01  -0.28721792D+01
 -0.30256052D+01  -0.30256053D+01
 -0.31454453D+01  -0.31454454D+01
 -0.32274340D+01  -0.32274340D+01
 -0.32690296D+01  -0.32690297D+01
 -0.32697209D+01  -0.32697209D+01
 -0.75056806D-01  -0.75056806D-01
 -0.88785248D-01  -0.88785250D-01
 -0.12732718D+00  -0.12732719D+00
 -0.19034525D+00  -0.19034526D+00
 -0.27725536D+00  -0.27725537D+00
 -0.38717403D+00  -0.38717404D+00
 -0.51887770D+00  -0.51887772D+00
 -0.67078362D+00  -0.67078365D+00
 -0.84095425D+00  -0.84095429D+00
 -0.10271181D+01  -0.10271181D+01
 -0.12266920D+01  -0.12266921D+01
 -0.14367865D+01  -0.14367865D+01
 -0.16541795D+01  -0.16541795D+01
 -0.18752567D+01  -0.18752568D+01
 -0.20959336D+01  -0.20959337D+01
 -0.23115906D+01  -0.23115908D+01
 -0.25170692D+01  -0.25170693D+01
 -0.27067708D+01  -0.27067709D+01
 -0.28748907D+01  -0.28748908D+01
 -0.30157866D+01  -0.30157867D+01
 -0.31244459D+01  -0.31244460D+01
 -0.31969861D+01  -0.31969862D+01
 -0.32310965D+01  -0.32310965D+01
 -0.32263350D+01  -0.32263350D+01
 -0.68966894D-01  -0.68966894D-01
 -0.81068614D-01  -0.81068616D-01
 -0.11544511D+00  -0.11544512D+00
 -0.17172784D+00  -0.17172785D+00
 -0.24938645D+00  -0.24938646D+00
 -0.34772788D+00  -0.34772789D+00
 -0.46587385D+00  -0.46587388D+00
 -0.60271992D+00  -0.60271996D+00
 -0.75688725D+00  -0.75688729D+00
 -0.92668244D+00  -0.92668244D+00
 -0.11100759D+01  -0.11100759D+01
 -0.13047000D+01  -0.13047001D+01
 -0.15078547D+01  -0.15078548D+01
 -0.17165068D+01  -0.17165069D+01
 -0.19272650D+01  -0.19272651D+01
 -0.21363344D+01  -0.21363346D+01
 -0.23394691D+01  -0.23394692D+01
 -0.25319599D+01  -0.25319600D+01
 -0.27087061D+01  -0.27087062D+01
 -0.28644060D+01  -0.28644062D+01
 -0.29938800D+01  -0.29938801D+01
 -0.30924992D+01  -0.30924993D+01
 -0.31566596D+01  -0.31566596D+01
 -0.31842135D+01  -0.31842136D+01
 -0.31747669D+01  -0.31747669D+01
 -0.62975372D-01  -0.62975373D-01
 -0.73735072D-01  -0.73735074D-01
 -0.10446541D+00  -0.10446541D+00
 -0.15477569D+00  -0.15477570D+00
 -0.22417274D+00  -0.22417275D+00
 -0.31209990D+00  -0.31209992D+00
 -0.41793417D+00  -0.41793420D+00
 -0.54093765D+00  -0.54093768D+00
 -0.68017775D+00  -0.68017779D+00
 -0.83444345D+00  -0.83444351D+00
 -0.10021853D+01  -0.10021854D+01
 -0.11814961D+01  -0.11814961D+01
 -0.13701283D+01  -0.13701284D+01
 -0.15655306D+01  -0.15655307D+01
 -0.17648711D+01  -0.17648713D+01
 -0.19650287D+01  -0.19650288D+01
 -0.21625436D+01  -0.21625438D+01
 -0.23535546D+01  -0.23535547D+01
 -0.25337630D+01  -0.25337632D+01
 -0.26984796D+01  -0.26984798D+01
 -0.28427941D+01  -0.28427943D+01
 -0.29618818D+01  -0.29618820D+01
 -0.30514193D+01  -0.30514194D+01
 -0.31080448D+01  -0.31080449D+01
 -0.31297743D+01  -0.31297744D+01
 -0.31162851D+01  -0.31162851D+01
 -0.57108081D-01  -0.57108082D-01
 -0.66656601D-01  -0.66656604D-01
 -0.94068310D-01  -0.94068316D-01
 -0.13899252D+00  -0.13899253D+00
 -0.20100567D+00  -0.20100569D+00
 -0.27966356D+00  -0.27966358D+00
 -0.37451138D+00  -0.37451141D+00
 -0.48504361D+00  -0.48504365D+00
 -0.61062483D+00  -0.61062488D+00
 -0.75039739D+00  -0.75039745D+00
 -0.90320593D+00  -0.90320601D+00
 -0.10675613D+01  -0.10675614D+01
 -0.12416494D+01  -0.12416495D+01
 -0.14233699D+01  -0.14233700D+01
 -0.16103793D+01  -0.16103794D+01
 -0.18001065D+01  -0.18001066D+01
 -0.19897247D+01  -0.19897249D+01
 -0.21760843D+01  -0.21760845D+01
 -0.23556361D+01  -0.23556363D+01
 -0.25243927D+01  -0.25243929D+01
 -0.26779768D+01  -0.26779771D+01
 -0.28117948D+01  -0.28117950D+01
 -0.29213366D+01  -0.29213368D+01
 -0.30025759D+01  -0.30025761D+01
 -0.30524009D+01  -0.30524010D+01
 -0.30689997D+01  -0.30689998D+01
 -0.30521156D+01  -0.30521156D+01
 -0.51417435D-01  -0.51417435D-01
 -0.59817854D-01  -0.59817857D-01
 -0.84147034D-01  -0.84147041D-01
 -0.12416521D+00  -0.12416522D+00
 -0.17956513D+00  -0.17956515D+00
 -0.25000974D+00  -0.25000976D+00
 -0.33514435D+00  -0.33514438D+00
 -0.43457588D+00  -0.43457592D+00
 -0.54782252D+00  -0.54782257D+00
 -0.67424727D+00  -0.67424734D+00
 -0.81299459D+00  -0.81299467D+00
 -0.96294740D+00  -0.96294750D+00
 -0.11227139D+01  -0.11227140D+01
 -0.12906411D+01  -0.12906412D+01
 -0.14648417D+01  -0.14648418D+01
 -0.16432117D+01  -0.16432118D+01
 -0.18234232D+01  -0.18234233D+01
 -0.20028816D+01  -0.20028819D+01
 -0.21786599D+01  -0.21786601D+01
 -0.23474349D+01  -0.23474352D+01
 -0.25054662D+01  -0.25054664D+01
 -0.26486564D+01  -0.26486567D+01
 -0.27727216D+01  -0.27727218D+01
 -0.28734714D+01  -0.28734716D+01
 -0.29471737D+01  -0.29471739D+01
 -0.29909485D+01  -0.29909486D+01
 -0.30031195D+01  -0.30031196D+01
 -0.29834536D+01  -0.29834536D+01
 -0.45980641D-01  -0.45980642D-01
 -0.53310894D-01  -0.53310897D-01
 -0.74801738D-01  -0.74801745D-01
 -0.11036402D+00  -0.11036403D+00
 -0.15983447D+00  -0.15983449D+00
 -0.22298169D+00  -0.22298172D+00
 -0.29951141D+00  -0.29951144D+00
 -0.38906705D+00  -0.38906709D+00
 -0.49122081D+00  -0.49122087D+00
 -0.60545269D+00  -0.60545276D+00
 -0.73111837D+00  -0.73111846D+00
 -0.86741153D+00  -0.86741163D+00
 -0.10133289D+01  -0.10133290D+01
 -0.11676456D+01  -0.11676457D+01
 -0.13289047D+01  -0.13289049D+01
 -0.14954168D+01  -0.14954170D+01
 -0.16652602D+01  -0.16652605D+01
 -0.18362699D+01  -0.18362701D+01
 -0.20060071D+01  -0.20060074D+01
 -0.21717155D+01  -0.21717157D+01
 -0.23302768D+01  -0.23302771D+01
 -0.24782009D+01  -0.24782012D+01
 -0.26116806D+01  -0.26116809D+01
 -0.27267403D+01  -0.27267406D+01
 -0.28194854D+01  -0.28194856D+01
 -0.28864332D+01  -0.28864334D+01
 -0.29248798D+01  -0.29248799D+01
 -0.29332353D+01  -0.29332354D+01
 -0.29112620D+01  -0.29112620D+01
 -0.40885125D-01  -0.40885126D-01
 -0.47283527D-01  -0.47283530D-01
 -0.66245402D-01  -0.66245409D-01
 -0.97821169D-01  -0.97821181D-01
 -0.14198163D+00  -0.14198165D+00
 -0.19859200D+00  -0.19859202D+00
 -0.26740636D+00  -0.26740640D+00
 -0.34808298D+00  -0.34808302D+00
 -0.44021097D+00  -0.44021103D+00
 -0.54333254D+00  -0.54333262D+00
 -0.65694594D+00  -0.65694603D+00
 -0.78048173D+00  -0.78048184D+00
 -0.91325645D+00  -0.91325658D+00
 -0.10544168D+01  -0.10544170D+01
 -0.12028916D+01  -0.12028918D+01
 -0.13573637D+01  -0.13573639D+01
 -0.15162649D+01  -0.15162652D+01
 -0.16777852D+01  -0.16777855D+01
 -0.18398782D+01  -0.18398785D+01
 -0.20002506D+01  -0.20002509D+01
 -0.21563295D+01  -0.21563299D+01
 -0.23052213D+01  -0.23052216D+01
 -0.24436918D+01  -0.24436922D+01
 -0.25682043D+01  -0.25682047D+01
 -0.26750464D+01  -0.26750467D+01
 -0.27605592D+01  -0.27605595D+01
 -0.28214519D+01  -0.28214521D+01
 -0.28551569D+01  -0.28551571D+01
 -0.28601582D+01  -0.28601583D+01
 -0.28362251D+01  -0.28362251D+01
 -0.36209094D-01  -0.36209095D-01
 -0.41869601D-01  -0.41869603D-01
 -0.58674014D-01  -0.58674021D-01
 -0.86756727D-01  -0.86756739D-01
 -0.12617726D+00  -0.12617728D+00
 -0.17687674D+00  -0.17687676D+00
 -0.23866350D+00  -0.23866354D+00
 -0.31123229D+00  -0.31123234D+00
 -0.39420672D+00  -0.39420678D+00
 -0.48718497D+00  -0.48718505D+00
 -0.58976630D+00  -0.58976639D+00
 -0.70154352D+00  -0.70154363D+00
 -0.82205964D+00  -0.82205977D+00
 -0.95074141D+00  -0.95074161D+00
 -0.10868309D+01  -0.10868310D+01
 -0.12293362D+01  -0.12293364D+01
 -0.13770138D+01  -0.13770140D+01
 -0.15283780D+01  -0.15283783D+01
 -0.16817259D+01  -0.16817262D+01
 -0.18351505D+01  -0.18351508D+01
 -0.19865303D+01  -0.19865307D+01
 -0.21334897D+01  -0.21334900D+01
 -0.22733467D+01  -0.22733471D+01
 -0.24030839D+01  -0.24030843D+01
 -0.25193777D+01  -0.25193780D+01
 -0.26187214D+01  -0.26187217D+01
 -0.26976485D+01  -0.26976488D+01
 -0.27530398D+01  -0.27530400D+01
 -0.27824650D+01  -0.27824652D+01
 -0.27844968D+01  -0.27844969D+01
 -0.27589288D+01  -0.27589288D+01
 -0.32006208D-01  -0.32006208D-01
 -0.37133537D-01  -0.37133539D-01
 -0.52161616D-01  -0.52161622D-01
 -0.77234416D-01  -0.77234427D-01
 -0.11243819D+00  -0.11243821D+00
 -0.15776099D+00  -0.15776101D+00
 -0.21307588D+00  -0.21307592D+00
 -0.27815330D+00  -0.27815335D+00
 -0.35269621D+00  -0.35269627D+00
 -0.43638252D+00  -0.43638260D+00
 -0.52889583D+00  -0.52889592D+00
 -0.62992939D+00  -0.62992950D+00
 -0.73915785D+00  -0.73915799D+00
 -0.85618343D+00  -0.85618359D+00
 -0.98047227D+00  -0.98047247D+00
 -0.11112999D+01  -0.11113002D+01
 -0.12477208D+01  -0.12477210D+01
 -0.13885653D+01  -0.13885655D+01
 -0.15324562D+01  -0.15324566D+01
 -0.16778290D+01  -0.16778293D+01
 -0.18229345D+01  -0.18229349D+01
 -0.19658159D+01  -0.19658163D+01
 -0.21042605D+01  -0.21042609D+01
 -0.22357476D+01  -0.22357480D+01
 -0.23574232D+01  -0.23574236D+01
 -0.24661369D+01  -0.24661373D+01
 -0.25585671D+01  -0.25585675D+01
 -0.26314373D+01  -0.26314376D+01
 -0.26818073D+01  -0.26818076D+01
 -0.27073917D+01  -0.27073919D+01
 -0.27068506D+01  -0.27068507D+01
 -0.26799908D+01  -0.26799908D+01
 -0.28300424D-01  -0.28300424D-01
 -0.33051186D-01  -0.33051188D-01
 -0.46622462D-01  -0.46622467D-01
 -0.69106211D-01  -0.69106221D-01
 -0.10056165D+00  -0.10056167D+00
 -0.14099491D+00  -0.14099494D+00
 -0.19034680D+00  -0.19034683D+00
 -0.24849259D+00  -0.24849263D+00
 -0.31525337D+00  -0.31525343D+00
 -0.39041413D+00  -0.39041421D+00
 -0.47374073D+00  -0.47374083D+00
 -0.56498734D+00  -0.56498746D+00
 -0.66388807D+00  -0.66388821D+00
 -0.77013150D+00  -0.77013166D+00
 -0.88332232D+00  -0.88332251D+00
 -0.10029390D+01  -0.10029392D+01
 -0.11282975D+01  -0.11282977D+01
 -0.12585290D+01  -0.12585293D+01
 -0.13925735D+01  -0.13925738D+01
 -0.15291836D+01  -0.15291839D+01
 -0.16669284D+01  -0.16669288D+01
 -0.18041862D+01  -0.18041866D+01
 -0.19391182D+01  -0.19391186D+01
 -0.20696273D+01  -0.20696277D+01
 -0.21933190D+01  -0.21933194D+01
 -0.23074870D+01  -0.23074875D+01
 -0.24091546D+01  -0.24091551D+01
 -0.24951920D+01  -0.24951925D+01
 -0.25625167D+01  -0.25625170D+01
 -0.26083590D+01  -0.26083593D+01
 -0.26305587D+01  -0.26305589D+01
 -0.26278364D+01  -0.26278365D+01
 -0.25999901D+01  -0.25999901D+01
 -0.25092009D-01  -0.25092010D-01
 -0.29530895D-01  -0.29530897D-01
 -0.41848579D-01  -0.41848584D-01
 -0.62059181D-01  -0.62059192D-01
 -0.90168628D-01  -0.90168645D-01
 -0.12618073D+00  -0.12618076D+00
 -0.17009395D+00  -0.17009399D+00
 -0.22188929D+00  -0.22188934D+00
 -0.28151425D+00  -0.28151431D+00
 -0.34886941D+00  -0.34886949D+00
 -0.42380294D+00  -0.42380304D+00
 -0.50611394D+00  -0.50611406D+00
 -0.59556059D+00  -0.59556073D+00
 -0.69186529D+00  -0.69186546D+00
 -0.79470939D+00  -0.79470959D+00
 -0.90371331D+00  -0.90371354D+00
 -0.10184042D+01  -0.10184044D+01
 -0.11381782D+01  -0.11381785D+01
 -0.12622675D+01  -0.12622678D+01
 -0.13897191D+01  -0.13897194D+01
 -0.15193861D+01  -0.15193865D+01
 -0.16499276D+01  -0.16499281D+01
 -0.17798050D+01  -0.17798055D+01
 -0.19072668D+01  -0.19072673D+01
 -0.20303213D+01  -0.20303218D+01
 -0.21467047D+01  -0.21467053D+01
 -0.22538699D+01  -0.22538705D+01
 -0.23490188D+01  -0.23490193D+01
 -0.24292049D+01  -0.24292053D+01
 -0.24915151D+01  -0.24915155D+01
 -0.25333185D+01  -0.25333189D+01
 -0.25525486D+01  -0.25525488D+01
 -0.25479682D+01  -0.25479683D+01
 -0.25193640D+01  -0.25193640D+01
 -0.22370811D-01  -0.22370812D-01
 -0.26460931D-01  -0.26460934D-01
 -0.37597608D-01  -0.37597615D-01
 -0.55732323D-01  -0.55732335D-01
 -0.80824631D-01  -0.80824650D-01
 -0.11286879D+00  -0.11286881D+00
 -0.15189937D+00  -0.15189940D+00
 -0.19797342D+00  -0.19797347D+00
 -0.25113622D+00  -0.25113628D+00
 -0.31138446D+00  -0.31138454D+00
 -0.37864126D+00  -0.37864136D+00
 -0.45275180D+00  -0.45275193D+00
 -0.53349870D+00  -0.53349885D+00
 -0.62062755D+00  -0.62062773D+00
 -0.71386759D+00  -0.71386779D+00
 -0.81293424D+00  -0.81293448D+00
 -0.91750760D+00  -0.91750787D+00
 -0.10271906D+01  -0.10271909D+01
 -0.11414589D+01  -0.11414593D+01
 -0.12596187D+01  -0.12596191D+01
 -0.13807808D+01  -0.13807812D+01
 -0.15038574D+01  -0.15038579D+01
 -0.16275694D+01  -0.16275699D+01
 -0.17504539D+01  -0.17504544D+01
 -0.18708562D+01  -0.18708567D+01
 -0.19869046D+01  -0.19869052D+01
 -0.20964761D+01  -0.20964766D+01
 -0.21971759D+01  -0.21971765D+01
 -0.22863621D+01  -0.22863626D+01
 -0.23612379D+01  -0.23612384D+01
 -0.24190260D+01  -0.24190265D+01
 -0.24572089D+01  -0.24572092D+01
 -0.24738045D+01  -0.24738048D+01
 -0.24676240D+01  -0.24676241D+01
 -0.24384589D+01  -0.24384589D+01
 -0.20130196D-01  -0.20130197D-01
 -0.23759681D-01  -0.23759684D-01
 -0.33687010D-01  -0.33687018D-01
 -0.49844466D-01  -0.49844480D-01
 -0.72176511D-01  -0.72176532D-01
 -0.10067263D+00  -0.10067266D+00
 -0.13537804D+00  -0.13537808D+00
 -0.17637799D+00  -0.17637804D+00
 -0.22376185D+00  -0.22376192D+00
 -0.27758086D+00  -0.27758095D+00
 -0.33781560D+00  -0.33781570D+00
 -0.40436475D+00  -0.40436488D+00
 -0.47705768D+00  -0.47705783D+00
 -0.55568289D+00  -0.55568307D+00
 -0.64001808D+00  -0.64001828D+00
 -0.72984577D+00  -0.72984600D+00
 -0.82494448D+00  -0.82494475D+00
 -0.92505485D+00  -0.92505516D+00
 -0.10298297D+01  -0.10298301D+01
 -0.11387838D+01  -0.11387841D+01
 -0.12512563D+01  -0.12512568D+01
 -0.13663976D+01  -0.13663981D+01
 -0.14831734D+01  -0.14831739D+01
 -0.16003784D+01  -0.16003790D+01
 -0.17166436D+01  -0.17166442D+01
 -0.18304231D+01  -0.18304237D+01
 -0.19399626D+01  -0.19399632D+01
 -0.20432595D+01  -0.20432601D+01
 -0.21380409D+01  -0.21380415D+01
 -0.22217875D+01  -0.22217881D+01
 -0.22918269D+01  -0.22918275D+01
 -0.23455048D+01  -0.23455053D+01
 -0.23804181D+01  -0.23804185D+01
 -0.23946781D+01  -0.23946784D+01
 -0.23871539D+01  -0.23871541D+01
 -0.23576468D+01  -0.23576468D+01
 -0.18375520D-01  -0.18375521D-01
 -0.21406447D-01  -0.21406451D-01
 -0.30052798D-01  -0.30052807D-01
 -0.44276115D-01  -0.44276130D-01
 -0.64043341D-01  -0.64043365D-01
 -0.89350514D-01  -0.89350544D-01
 -0.12023296D+00  -0.12023300D+00
 -0.15675809D+00  -0.15675814D+00
 -0.19900343D+00  -0.19900349D+00
 -0.24702760D+00  -0.24702768D+00
 -0.30084465D+00  -0.30084475D+00
 -0.36041050D+00  -0.36041062D+00
 -0.42562538D+00  -0.42562553D+00
 -0.49634974D+00  -0.49634991D+00
 -0.57242538D+00  -0.57242559D+00
 -0.65369111D+00  -0.65369135D+00
 -0.73998347D+00  -0.73998374D+00
 -0.83111864D+00  -0.83111895D+00
 -0.92685811D+00  -0.92685846D+00
 -0.10268669D+01  -0.10268673D+01
 -0.11306756D+01  -0.11306760D+01
 -0.12376552D+01  -0.12376557D+01
 -0.13470090D+01  -0.13470095D+01
 -0.14577765D+01  -0.14577771D+01
 -0.15688404D+01  -0.15688410D+01
 -0.16789243D+01  -0.16789249D+01
 -0.17865738D+01  -0.17865745D+01
 -0.18901233D+01  -0.18901240D+01
 -0.19876603D+01  -0.19876609D+01
 -0.20770101D+01  -0.20770108D+01
 -0.21557647D+01  -0.21557654D+01
 -0.22213761D+01  -0.22213767D+01
 -0.22713187D+01  -0.22713192D+01
 -0.23033084D+01  -0.23033088D+01
 -0.23155485D+01  -0.23155488D+01
 -0.23069566D+01  -0.23069568D+01
 -0.22773308D+01  -0.22773308D+01
 -0.17124025D-01  -0.17124026D-01
 -0.19441458D-01  -0.19441462D-01
 -0.26750955D-01  -0.26750965D-01
 -0.39074262D-01  -0.39074278D-01
 -0.56426390D-01  -0.56426414D-01
 -0.78820535D-01  -0.78820569D-01
 -0.10627314D+00  -0.10627319D+00
 -0.13880735D+00  -0.13880740D+00
 -0.17645282D+00  -0.17645289D+00
 -0.21924112D+00  -0.21924120D+00
 -0.26719684D+00  -0.26719694D+00
 -0.32032713D+00  -0.32032725D+00
 -0.37861261D+00  -0.37861275D+00
 -0.44200283D+00  -0.44200300D+00
 -0.51041729D+00  -0.51041749D+00
 -0.58375020D+00  -0.58375044D+00
 -0.66187479D+00  -0.66187506D+00
 -0.74464189D+00  -0.74464220D+00
 -0.83186874D+00  -0.83186909D+00
 -0.92331735D+00  -0.92331775D+00
 -0.10186656D+01  -0.10186660D+01
 -0.11174767D+01  -0.11174772D+01
 -0.12191758D+01  -0.12191764D+01
 -0.13230348D+01  -0.13230354D+01
 -0.14281670D+01  -0.14281677D+01
 -0.15335267D+01  -0.15335274D+01
 -0.16379029D+01  -0.16379036D+01
 -0.17399044D+01  -0.17399051D+01
 -0.18379329D+01  -0.18379337D+01
 -0.19301574D+01  -0.19301582D+01
 -0.20145031D+01  -0.20145038D+01
 -0.20886799D+01  -0.20886806D+01
 -0.21502676D+01  -0.21502682D+01
 -0.21968646D+01  -0.21968652D+01
 -0.22262925D+01  -0.22262929D+01
 -0.22368264D+01  -0.22368268D+01
 -0.22274152D+01  -0.22274153D+01
 -0.21978429D+01  -0.21978429D+01
 -0.16397080D-01  -0.16397081D-01
 -0.17938305D-01  -0.17938309D-01
 -0.23906808D-01  -0.23906817D-01
 -0.34386028D-01  -0.34386043D-01
 -0.49442080D-01  -0.49442103D-01
 -0.69109725D-01  -0.69109757D-01
 -0.93390641D-01  -0.93390681D-01
 -0.12226478D+00  -0.12226483D+00
 -0.15570984D+00  -0.15570991D+00
 -0.19372008D+00  -0.19372016D+00
 -0.23631604D+00  -0.23631615D+00
 -0.28354064D+00  -0.28354076D+00
 -0.33544265D+00  -0.33544280D+00
 -0.39205436D+00  -0.39205453D+00
 -0.45337184D+00  -0.45337204D+00
 -0.51934505D+00  -0.51934528D+00
 -0.58987980D+00  -0.58988006D+00
 -0.66484736D+00  -0.66484767D+00
 -0.74409382D+00  -0.74409417D+00
 -0.82744027D+00  -0.82744067D+00
 -0.91466867D+00  -0.91466911D+00
 -0.10054940D+01  -0.10054945D+01
 -0.10995301D+01  -0.10995307D+01
 -0.11962569D+01  -0.11962575D+01
 -0.12949991D+01  -0.12949998D+01
 -0.13949181D+01  -0.13949188D+01
 -0.14950119D+01  -0.14950126D+01
 -0.15941157D+01  -0.15941165D+01
 -0.16908940D+01  -0.16908948D+01
 -0.17838205D+01  -0.17838213D+01
 -0.18711535D+01  -0.18711544D+01
 -0.19509237D+01  -0.19509245D+01
 -0.20209542D+01  -0.20209549D+01
 -0.20789377D+01  -0.20789383D+01
 -0.21225746D+01  -0.21225752D+01
 -0.21497688D+01  -0.21497692D+01
 -0.21588522D+01  -0.21588525D+01
 -0.21487988D+01  -0.21487990D+01
 -0.21193847D+01  -0.21193847D+01
 -0.16208963D-01  -0.16208964D-01
 -0.16963646D-01  -0.16963649D-01
 -0.21639848D-01  -0.21639855D-01
 -0.30357448D-01  -0.30357461D-01
 -0.43215200D-01  -0.43215220D-01
 -0.60266091D-01  -0.60266120D-01
 -0.81510485D-01  -0.81510525D-01
 -0.10690970D+00  -0.10690976D+00
 -0.13641439D+00  -0.13641445D+00
 -0.16999588D+00  -0.16999596D+00
 -0.20766782D+00  -0.20766792D+00
 -0.24948914D+00  -0.24948926D+00
 -0.29554727D+00  -0.29554741D+00
 -0.34592840D+00  -0.34592857D+00
 -0.40068646D+00  -0.40068665D+00
 -0.45982236D+00  -0.45982259D+00
 -0.52328022D+00  -0.52328048D+00
 -0.59095920D+00  -0.59095950D+00
 -0.66273281D+00  -0.66273316D+00
 -0.73846345D+00  -0.73846384D+00
 -0.81800218D+00  -0.81800262D+00
 -0.90116929D+00  -0.90116978D+00
 -0.98771964D+00  -0.98772014D+00
 -0.10773021D+01  -0.10773027D+01
 -0.11694265D+01  -0.11694272D+01
 -0.12634441D+01  -0.12634448D+01
 -0.13585451D+01  -0.13585458D+01
 -0.14537656D+01  -0.14537664D+01
 -0.15479924D+01  -0.15479932D+01
 -0.16399557D+01  -0.16399566D+01
 -0.17282080D+01  -0.17282089D+01
 -0.18110946D+01  -0.18110954D+01
 -0.18867365D+01  -0.18867373D+01
 -0.19530489D+01  -0.19530497D+01
 -0.20078128D+01  -0.20078135D+01
 -0.20488123D+01  -0.20488129D+01
 -0.20740243D+01  -0.20740248D+01
 -0.20818372D+01  -0.20818375D+01
 -0.20712565D+01  -0.20712567D+01
 -0.20420577D+01  -0.20420577D+01
