   1.0000000000000000        1.0005714835824924        1.0005715311070878E-003
   2.0000000000000000        1.0092142688190773        1.0092143167541828E-003
   3.0000000000000000        1.0171057798624070        1.0171058281723392E-003
   4.0000000000000000        1.0165750511578791        1.0165750994426031E-003
   5.0000000000000000        1.0048304540111437        1.0048305017380293E-003
   6.0000000000000000       0.98197611060623846        9.8197615724760086E-004
   7.0000000000000000       0.94961107100781639        9.4961111611192200E-004
   8.0000000000000000       0.91000952984337979        9.1000957306651311E-004
   9.0000000000000000       0.86564947737155606        8.6564951848769995E-004
   10.000000000000000       0.81894253409396578        8.1894257299164894E-004
   11.000000000000000       0.77208200995643539        7.7208204662836306E-004
   12.000000000000000       0.72696236186394070        7.2696239639280004E-004
   13.000000000000000       0.68514293807188020        6.8514297061442349E-004
   14.000000000000000       0.64783982249078242        6.4783985326152284E-004
   15.000000000000000       0.61593579994540160        6.1593582920078222E-004
   16.000000000000000       0.59000208306266577        5.9000211108626102E-004
   17.000000000000000       0.57032760222080570        5.7032762930991324E-004
   18.000000000000000       0.55695297747047245        5.5695300392431943E-004
   19.000000000000000       0.54970711092049696        5.4970713703018372E-004
   20.000000000000000       0.54824485916089838        5.4824488520113183E-004
   21.000000000000000       0.55208458611213551        5.5208461233474627E-004
   22.000000000000000       0.56064462904535350        5.6064465567454451E-004
   23.000000000000000       0.57327787885932502        5.7327790608856320E-004
   24.000000000000000       0.58930380786097969        5.8930383585140860E-004
   25.000000000000000       0.60803739170409432        6.0803742058432070E-004
   26.000000000000000       0.62881447748300090        6.2881450735008588E-004
   27.000000000000000       0.65101325343954497        6.5101328436101529E-004
   28.000000000000000       0.67407158040988502        6.7407161242656708E-004
   29.000000000000000       0.69750005192928932        6.9750008505876405E-004
   30.000000000000000       0.72089075821177284        7.2089079245224647E-004
   31.000000000000000       0.74392183734847050        7.4392187268286177E-004
   32.000000000000000       0.76635800264700293        7.6635803904705484E-004
   33.000000000000000       0.78804733528538995        7.8804737271562990E-004
   34.000000000000000       0.80891472344882165        8.0891476187020938E-004
   35.000000000000000       0.82895240998855557        8.2895244936168229E-004
   36.000000000000000       0.84820817776510116        8.4820821805282778E-004
   37.000000000000000       0.86677175298199582        8.6677179415144492E-004
   38.000000000000000       0.88476004026320498        8.8476008228705191E-004
   39.000000000000000       0.90230181785730557        9.0230186071434224E-004
   40.000000000000000       0.91952251669983420        9.1952256037481012E-004
   41.000000000000000       0.93652968334322528        9.3652972782599833E-004
   42.000000000000000       0.95339968485172200        9.5339973013577710E-004
   43.000000000000000       0.97016615516809468        9.7016620124851444E-004
   44.000000000000000       0.98681060927031494        9.8681065614130391E-004
   45.000000000000000        1.0032555662127893        1.0032556138648717E-003
   46.000000000000000        1.0193604278333330        1.0193604762503553E-003
   47.000000000000000        1.0349202597141329        1.0349203088702076E-003
   48.000000000000000        1.0496675182667701        1.0496675681233019E-003
   49.000000000000000        1.0632766659413553        1.0632767164442869E-003
   50.000000000000000        1.0753715188093587        1.0753715698867650E-003
   51.000000000000000        1.0855350801945880        1.0855351317547376E-003
   52.000000000000000        1.0933215333652839        1.0933215852952701E-003
   53.000000000000000        1.0982699978877422        1.0982700500527679E-003
   54.000000000000000        1.0999195999411029        1.0999196521844804E-003
   55.000000000000000        1.0978253680469774        1.0978254201908844E-003
   56.000000000000000        1.0915744430712970        1.0915744949183009E-003
   57.000000000000000        1.0808020852491957        1.0808021365845402E-003
   58.000000000000000        1.0652069710649370        1.0652070216595531E-003
   59.000000000000000        1.0445652982762110        1.0445653478904004E-003
   60.000000000000000        1.0187432569315098        1.0187433053192179E-003
   61.000000000000000       0.98770747621725186        9.8770752313083964E-004
   62.000000000000000       0.95153311938685681        9.5153316458225479E-004
   63.000000000000000       0.91040936962003982        9.1040941286216453E-004
   64.000000000000000       0.86464212602816726        8.6464216709646459E-004
   65.000000000000000       0.81465380867614401        8.1465384737012365E-004
   66.000000000000000       0.76098025195697805        7.6098028810160049E-004
   67.000000000000000       0.70426474454323607        7.0426477799401645E-004
   68.000000000000000       0.64524934922077226        6.4524937986847183E-004
   69.000000000000000       0.58476370517713461        5.8476373295192027E-004
   70.000000000000000       0.52371157703548288        5.2371160191044797E-004
   71.000000000000000       0.46305546767334699        4.6305548966730153E-004
   72.000000000000000       0.40379965456184091        4.0379967374129533E-004
   73.000000000000000       0.34697204127641423        3.4697205775670184E-004
   74.000000000000000       0.29360523659091103        2.9360525053641145E-004
   75.000000000000000       0.24471728314387778        2.4471729476732500E-004
   76.000000000000000       0.20129245635489190        2.0129246591577053E-004
   77.000000000000000       0.16426254265906096        1.6426255046111309E-004
   78.000000000000000       0.13448898506680429        1.3448899145468830E-004
   79.000000000000000       0.11274625460476417        1.1274625995992392E-004
   80.000000000000000        9.9706769580849411E-002   9.9706774316666840E-005
   81.000000000000000        9.5927642188916556E-002   9.5927646745235076E-005
   82.000000000000000       0.10183948514258329        1.0183948997969927E-004
   83.000000000000000       0.11773746124072509        1.1773746683295443E-004
   84.000000000000000       0.14377470743338058        1.4377471426231276E-004
   85.000000000000000       0.17995821342597990        1.7995822197353637E-004
   86.000000000000000       0.22614718438238479        2.2614719512379966E-004
   87.000000000000000       0.28205386898442231        2.8205388238126223E-004
   88.000000000000000       0.34724678894713557        3.4724680544047300E-004
   89.000000000000000       0.42115626487642149        4.2115628488027069E-004
   90.000000000000000       0.50308209671421789        5.0308212060933531E-004
   91.000000000000000       0.59220322539135373        5.9220325351949763E-004
   92.000000000000000       0.68758917596930835        6.8758920862804177E-004
   93.000000000000000       0.78821306160294091        7.8821309904105244E-004
   94.000000000000000       0.89296591204735509        8.9296595446096004E-004
   95.000000000000000        1.0006720799797464        1.0006721275091198E-003
   96.000000000000000        1.1101054728136528        1.1101055255408334E-003
   97.000000000000000        1.2200063565601131        1.2200064145073057E-003
   98.000000000000000        1.3290984811817779        1.3290985443105683E-003
   99.000000000000000        1.4361062832928440        1.4361063515042321E-003
   100.00000000000000        1.5397719314599478        1.5397720045951901E-003
   101.00000000000000        1.6388719912375147        1.6388720690797573E-003
   102.00000000000000        1.7322335009258354        1.7322335832025118E-003
   103.00000000000000        1.8187492644072716        1.8187493507932262E-003
   104.00000000000000        1.8973921838797843        1.8973922740010772E-003
   105.00000000000000        1.9672284725087548        1.9672285659470936E-003
   106.00000000000000        2.0274296046639031        2.0274297009616419E-003
   107.00000000000000        2.0772828792672895        2.0772829779329319E-003
   108.00000000000000        2.1162004896861761        2.1162005902003057E-003
   109.00000000000000        2.1437270114549212        2.1437271132764904E-003
   110.00000000000000        2.1595452368491816        2.1595453394220765E-003
   111.00000000000000        2.1634803029548686        2.1634804057146691E-003
   112.00000000000000        2.1555020773945786        2.1555021797754334E-003
   113.00000000000000        2.1357257833398609        2.1357258847813925E-003
   114.00000000000000        2.1044108628993090        2.1044109628534616E-003
   115.00000000000000        2.0619580954768466        2.0619581934146008E-003
   116.00000000000000        2.0089050052739839        2.0089051006918516E-003
   117.00000000000000        1.9459196097677820        1.9459197021940038E-003
   118.00000000000000        1.8737925787050300        1.8737926677054018E-003
   119.00000000000000        1.7934278908404899        1.7934279760237438E-003
   120.00000000000000        1.7058320931968851        1.7058321742195620E-003
   121.00000000000000        1.6121022848726962        1.6121023614434459E-003
   122.00000000000000        1.5134129641596969        1.5134130360429554E-003
   123.00000000000000        1.4110018937018551        1.4110019607208488E-003
   124.00000000000000        1.3061551533391209        1.3061552153781617E-003
   125.00000000000000        1.2001915638126011        1.2001916208186415E-003
   126.00000000000000        1.0944466763218141        1.0944467283052419E-003
   127.00000000000000       0.99025653267105729        9.9025657970571866E-004
   128.00000000000000       0.88894140807736677        8.8894145029981802E-004
   129.00000000000000       0.79178975331101764        7.9178979091901289E-004
   130.00000000000000       0.70004255440713192        7.0004258765736906E-004
   131.00000000000000       0.61487832647393814        6.1487835567909156E-004
   132.00000000000000       0.53739895293714812        5.3739897846222869E-004
   133.00000000000000       0.46861657277584029        4.6861659503393314E-004
   134.00000000000000       0.40944170587580692        4.0944172532324442E-004
   135.00000000000000       0.36067279058816054        3.6067280771919885E-004
   136.00000000000000       0.32298728805999849        3.2298730340107147E-004
   137.00000000000000       0.29693448511707027        2.9693449922070151E-004
   138.00000000000000       0.28293010173336081        2.8293011517181954E-004
   139.00000000000000       0.28125278081378241        2.8125279417257266E-004
   140.00000000000000       0.29204250761921347        2.9204252149048822E-004
   141.00000000000000       0.31530097422514647        3.1530098920113915E-004
   142.00000000000000       0.35089387153380797        3.5089388820037253E-004
   143.00000000000000       0.39855505820939263        3.9855507713974211E-004
   144.00000000000000       0.45789252316296258        4.5789254491169042E-004
   145.00000000000000       0.52839602657846418        5.2839605167592871E-004
   146.00000000000000       0.60944627464210299        6.0944630358924774E-004
   147.00000000000000       0.70032545579089978        7.0032548905457398E-004
   148.00000000000000       0.80022894207054163        8.0022898007937686E-004
   149.00000000000000       0.90827793866942996        9.0827798181031716E-004
   150.00000000000000        1.0235328483836263        1.0235328969988280E-003
   151.00000000000000        1.1450071060884315        1.1450071604733507E-003
   152.00000000000000        1.2716812315677164        1.2716812919693337E-003
   153.00000000000000        1.4025168474935710        1.4025169141095467E-003
   154.00000000000000        1.5364704130501026        1.5364704860285313E-003
   155.00000000000000        1.6725064326272099        1.6725065120670028E-003
   156.00000000000000        1.8096099130211718        1.8096099989730306E-003
   157.00000000000000        1.9467978613937327        1.9467979538616692E-003
   158.00000000000000        2.0831296394690875        2.0831297384124362E-003
   159.00000000000000        2.2177160165882261        2.2177161219240848E-003
   160.00000000000000        2.3497267946936509        2.3497269062996849E-003
   161.00000000000000        2.4783969114020103        2.4783970291195469E-003
   162.00000000000000        2.6030309622857346        2.6030310859230712E-003
   163.00000000000000        2.7230061195255901        2.7230062488614406E-003
   164.00000000000000        2.8377734603798164        2.8377735951668230E-003
   165.00000000000000        2.9468577545982271        2.9468578945664597E-003
   166.00000000000000        3.0498557941554543        3.0498559390158314E-003
   167.00000000000000        3.1464333806811746        3.1464335301287409E-003
   168.00000000000000        3.2363211149724793        3.2363212686894838E-003
   169.00000000000000        3.3193091582976053        3.3193093159563304E-003
   170.00000000000000        3.3952411562424456        3.3952413175077469E-003
   171.00000000000000        3.4640075321123249        3.4640076966438540E-003
   172.00000000000000        3.5255383679990544        3.5255385354531414E-003
   173.00000000000000        3.5797960972956573        3.5797962673268483E-003
   174.00000000000000        3.6267682325609409        3.6267684048231883E-003
   175.00000000000000        3.6664603472088477        3.6664605213563694E-003
   176.00000000000000        3.6988895186623720        3.6988896943501970E-003
   177.00000000000000        3.7240784246436314        3.7240786015278649E-003
   178.00000000000000        3.7420502635654476        3.7420504413032975E-003
   179.00000000000000        3.7528246450610654        3.7528248233106710E-003
   180.00000000000000        3.7564145681530037        3.7564147465731219E-003
