   1.0000000000000000        568220600.59799182        568220.62758702214     
   2.0000000000000000        35826006.532998450        35826.008234642453     
   3.0000000000000000        7133889.0879416242        7133.8894267831738     
   4.0000000000000000        2256831.2340024337        2256.8313411961653     
   5.0000000000000000        914136.04721322877        914.13609063236117     
   6.0000000000000000        431058.84415297065        431.05886462716711     
   7.0000000000000000        225154.66336418569        225.15467405845834     
   8.0000000000000000        126573.89912451645        126.57390513645406     
   9.0000000000000000        75232.443891119998        75.232447464469331     
   10.000000000000000        46741.827366205267        46.741829586322936     
   11.000000000000000        30130.631877122250        30.130633308250470     
   12.000000000000000        20054.413065334462        20.054414017867970     
   13.000000000000000        13739.864591030218        13.739865243638768     
   14.000000000000000        9672.2173616410291        9.6722178210467025     
   15.000000000000000        6988.4532603367634        6.9884535922704822     
   16.000000000000000        5179.2708321729187        5.1792710781750833     
   17.000000000000000        3935.0688574207020        3.9350690443264433     
   18.000000000000000        3062.8452683014325        3.0628454137787764     
   19.000000000000000        2439.6680118260092        2.4396681277040217     
   20.000000000000000        1985.7745515318595        1.9857746458510896     
   21.000000000000000        1648.5789153053606        1.6485789936086575     
   22.000000000000000        1392.9277132068864        1.3929277793674026     
   23.000000000000000        1195.0339394172952        1.1950339961783616     
   24.000000000000000        1038.6276958179908        1.0386277451501591     
   25.000000000000000        912.47206577807628       0.91247210911817378     
   26.000000000000000        808.73584610091473       0.80873588451380618     
   27.000000000000000        721.91341070306726       0.72191344499211429     
   28.000000000000000        648.09937596843861       0.64809940675150712     
   29.000000000000000        584.49657287322475       0.58449660063532227     
   30.000000000000000        529.07937156288051       0.52907939669280224     
   31.000000000000000        480.36162431514214       0.48036164713109497     
   32.000000000000000        437.23577597837368       0.43723579674595864     
   33.000000000000000        398.86082201075050       0.39886084095562296     
   34.000000000000000        364.58405761269319       0.36458407492950673     
   35.000000000000000        333.88635867990621       0.33388637453865727     
   36.000000000000000        306.34393938120115       0.30634395393175751     
   37.000000000000000        281.60169351442869       0.28160170688979141     
   38.000000000000000        259.35470030174315       0.25935471262043042     
   39.000000000000000        239.33548852962943       0.23933549989745515     
   40.000000000000000        221.30535565235820       0.22130536616379856     
   41.000000000000000        205.04852977559534       0.20504853951487789     
   42.000000000000000        190.36830857070979       0.19036831761271925     
   43.000000000000000        177.08455482578077       0.17708456323684579     
   44.000000000000000        165.03210391113132       0.16503211174973564     
   45.000000000000000        154.05976476182042       0.15405977207926660     
   46.000000000000000        144.02968744551347       0.14402969428655654     
   47.000000000000000        134.81693699548089       0.13481694339894179     
   48.000000000000000        126.30916194586766       0.12630916794523092     
   49.000000000000000        118.40628183919247       0.11840628746318908     
   50.000000000000000        111.02014437647242       0.11102014964964632     
   51.000000000000000        104.07412233771451       0.10407412728097007     
   52.000000000000000        97.502634700777662        9.7502639331904312E-002
   53.000000000000000        91.250586820406298        9.1250591154576607E-002
   54.000000000000000        85.272732036707765        8.5272736086945203E-002
   55.000000000000000        79.532962354884049        7.9532966132497052E-002
   56.000000000000000        74.003539389683027        7.4003542904662531E-002
   57.000000000000000        68.664278985990379        6.8664282247368633E-002
   58.000000000000000        63.501704107202571        6.3501707123371665E-002
   59.000000000000000        58.508180955477975        5.8508183734467450E-002
   60.000000000000000        53.681053034475411        5.3681055584188613E-002
   61.000000000000000        49.021787132042832        4.9021789460452776E-002
   62.000000000000000        44.535144107130087        4.4535146222435928E-002
   63.000000000000000        40.228386011199753        4.0228387921945559E-002
   64.000000000000000        36.110529542781975        3.6110531257940094E-002
   65.000000000000000        32.191654194795305        3.2191655723816832E-002
   66.000000000000000        28.482271767267548        2.8482273120102864E-002
   67.000000000000000        24.992762233271293        2.4992763420363800E-002
   68.000000000000000        21.732879305187932        2.1732880337444308E-002
   69.000000000000000        18.711327486429212        1.8711328375169579E-002
   70.000000000000000        15.935410938336773        1.5935411695228177E-002
   71.000000000000000        13.410753164851252        1.3410753801827848E-002
   72.000000000000000        11.141085334712827        1.1141085863885986E-002
   73.000000000000000        9.1281000332299929        9.1281004667914788E-003
   74.000000000000000        7.3713663690942308        7.3713667192153460E-003
   75.000000000000000        5.8683016581180114        5.8683019368473838E-003
   76.000000000000000        4.6141943631240849        4.6141945822865569E-003
   77.000000000000000        3.6022725822127919        3.6022727533115586E-003
   78.000000000000000        2.8238121381684476        2.8238122722923269E-003
   79.000000000000000        2.2682782194056634        2.2682783271430976E-003
   80.000000000000000        1.9234945453457983        1.9234946367068869E-003
   81.000000000000000        1.7758341628314924        1.7758342471790891E-003
   82.000000000000000        1.8104262105982607        1.8104262965888914E-003
   83.000000000000000        2.0113733008946508        2.0113733964297561E-003
   84.000000000000000        2.3619745459303565        2.3619746581181275E-003
   85.000000000000000        2.8449496870204616        2.8449498221483206E-003
   86.000000000000000        3.4426602517057669        3.4426604152233546E-003
   87.000000000000000        4.1373241551778053        4.1373243516901583E-003
   88.000000000000000        4.9112206644497629        4.9112208977202271E-003
   89.000000000000000        5.7468831454900666        5.7468834184523686E-003
   90.000000000000000        6.6272775048819152        6.6272778196607056E-003
   91.000000000000000        7.5359647097779661        7.5359650677170832E-003
   92.000000000000000        8.4572462157006303        8.4572466173982713E-003
   93.000000000000000        9.3762915452472839        9.3762919905972346E-003
   94.000000000000000        10.279247637548002        1.0279248125786065E-002
   95.000000000000000        11.153329925294420        1.1153330455049165E-002
   96.000000000000000        11.986895391480271        1.1986895960827250E-002
   97.000000000000000        12.769498110998672        1.2769498717517288E-002
   98.000000000000000        13.491927993305911        1.3491928634138103E-002
   99.000000000000000        14.146233612776451        1.4146234284686492E-002
   100.00000000000000        14.725730145210466        1.4725730844645117E-002
   101.00000000000000        15.224993524916286        1.5224994248064675E-002
   102.00000000000000        15.639842000073942        1.5639842742926575E-002
   103.00000000000000        15.967306298248351        1.5967307056654705E-002
   104.00000000000000        16.205589622739001        1.6205590392463207E-002
   105.00000000000000        16.354018687803688        1.6354019464577894E-002
   106.00000000000000        16.412986970548261        1.6412987750123311E-002
   107.00000000000000        16.383891313180541        1.6383892091373621E-002
   108.00000000000000        16.269062954942441        1.6269063727681467E-002
   109.00000000000000        16.071694011643519        1.6071694775008024E-002
   110.00000000000000        15.795760355269213        1.5795761105527571E-002
   111.00000000000000        15.445941779219536        1.5445942512862404E-002
   112.00000000000000        15.027540268517212        1.5027540982287074E-002
   113.00000000000000        14.546397130581294        1.4546397821498084E-002
   114.00000000000000        14.008809682237386        1.4008810347620141E-002
   115.00000000000000        13.421448133464565        1.3421448770949144E-002
   116.00000000000000        12.791273258521777        1.2791273866074655E-002
   117.00000000000000        12.125455400734834        1.2125455976663061E-002
   118.00000000000000        11.431295318243926        1.1431295861201318E-002
   119.00000000000000        10.716147343996392        1.0716147852986078E-002
   120.00000000000000        9.9873453035871851        9.9873457779606316E-003
   121.00000000000000        9.2521316083828751        9.2521320478355460E-003
   122.00000000000000        8.5175899177647771        8.5175903223285894E-003
   123.00000000000000        7.7905817422681309        7.7905821123009080E-003
   124.00000000000000        7.0776873378217866        7.0776876739938963E-003
   125.00000000000000        6.3851512191662643        6.3851515224446730E-003
   126.00000000000000        5.7188325968738756        5.7188328685038488E-003
   127.00000000000000        5.0841610163295226        5.0841612578142129E-003
   128.00000000000000        4.4860974478103532        4.4860976608885484E-003
   129.00000000000000        3.9291010438361660        3.9291012304584517E-003
   130.00000000000000        3.4171017428405626        3.4171019051441862E-003
   131.00000000000000        2.9534788567170693        2.9534789969997877E-003
   132.00000000000000        2.5410457339083936        2.5410458546015896E-003
   133.00000000000000        2.1820405396129341        2.1820406432542985E-003
   134.00000000000000        1.8781231407611776        1.8781232299672401E-003
   135.00000000000000        1.6303780262290000        1.6303781036678009E-003
   136.00000000000000        1.4393231330380074        1.4393232014021878E-003
   137.00000000000000        1.3049243879249441        1.3049244499055267E-003
   138.00000000000000        1.2266157116463947        1.2266157699075148E-003
   139.00000000000000        1.2033241718192429        1.2033242289740740E-003
   140.00000000000000        1.2334999101447701        1.2334999687328720E-003
   141.00000000000000        1.3151504127212057        1.3151504751874985E-003
   142.00000000000000        1.4458786390127876        1.4458787076883379E-003
   143.00000000000000        1.6229244770791873        1.6229245541639636E-003
   144.00000000000000        1.8432089509807636        1.8432090385284911E-003
   145.00000000000000        2.1033805718744776        2.1033806717796937E-003
   146.00000000000000        2.3998631980953880        2.3998633120827732E-003
   147.00000000000000        2.7289047522295156        2.7289048818455361E-003
   148.00000000000000        3.0866261354120015        3.0866262820188760E-003
   149.00000000000000        3.4690696812373787        3.4690698460093468E-003
   150.00000000000000        3.8722465039589404        3.8722466878807803E-003
   151.00000000000000        4.2921821180976538        4.2921823219653652E-003
   152.00000000000000        4.7249597389861053        4.7249599634096506E-003
   153.00000000000000        5.1667607157482713        5.1667609611562365E-003
   154.00000000000000        5.6139015991730625        5.6139018658190806E-003
   155.00000000000000        6.0628674061017591        6.0628676940725082E-003
   156.00000000000000        6.5103407083715847        6.5103410175961756E-003
   157.00000000000000        6.9532262469352712        6.9532265771957962E-003
   158.00000000000000        7.3886708492765019        7.3886712002195357E-003
   159.00000000000000        7.8140785093193355        7.8140788804681484E-003
   160.00000000000000        8.2271205722587482        8.2271209630260071E-003
   161.00000000000000        8.6257410506393484        8.6257414603400639E-003
   162.00000000000000        9.0081571810725727        9.0081576089370806E-003
   163.00000000000000        9.3728554117084109        9.3728558568951549E-003
   164.00000000000000        9.7185830874959489        9.7185835491038763E-003
   165.00000000000000        10.044336171974999        1.0044336649055368E-002
   166.00000000000000        10.349343409522969        1.0349343901090404E-002
   167.00000000000000        10.633047389438403        1.0633047894481053E-002
   168.00000000000000        10.895083021919842        1.0895083539408518E-002
   169.00000000000000        11.135253974996530        1.1135254503892713E-002
   170.00000000000000        11.353507650069901        1.1353508189332577E-002
   171.00000000000000        11.549909291403734        1.1549909839994989E-002
   172.00000000000000        11.724615831338363        1.1724616388227733E-002
   173.00000000000000        11.877850068082203        1.1877850632249809E-002
   174.00000000000000        12.009875756756234        1.2009876327194722E-002
   175.00000000000000        12.120974167243832        1.2120974742959211E-002
   176.00000000000000        12.211422624839443        1.2211423204850894E-002
   177.00000000000000        12.281475502414207        1.2281476085752991E-002
   178.00000000000000        12.331348076708684        1.2331348662416289E-002
   179.00000000000000        12.361203597486982        1.2361204184612649E-002
   180.00000000000000        12.371143847842916        1.2371144435440719E-002
