           0  0.50000000000000000       0.19823106952234293      -0.34156937971846102     
           1  0.50000000000000000      -0.56027987859039374      -0.20755421151681716     
           1   1.5000000000000000      -0.51763896696459677      -0.33247148558602491     
           2   1.5000000000000000        3.1408746225229829E-002  0.19434586094540196     
           2   2.5000000000000000      -0.27387773142374838        9.6387815555286513E-002
           3   2.5000000000000000       0.71755756672341109      -0.20766318877876525     
           3   3.5000000000000000       0.65647727295172442       0.10188263883237018     
           4   3.5000000000000000       0.61945483343622143        1.4314556661399963E-002
           4   4.5000000000000000       0.73006806725670959      -0.12534618510768708     
           5   4.5000000000000000       0.96261312906070173        5.2411573533903362E-002
           5   5.5000000000000000       0.88774347423385680       0.10781170989283149     
           6   5.5000000000000000       0.99657878094474461        8.5516336935006904E-003
           6   6.5000000000000000       0.99385980919658667        2.2596934828916945E-002
           7   6.5000000000000000       0.99963471299203144        1.3120033852198408E-003
           7   7.5000000000000000       0.99951518802747097        3.8356072458658489E-003
           8   7.5000000000000000       0.99995987681855236        1.9519312945938250E-004
           8   8.5000000000000000       0.99995404949319311        6.6733822396046103E-004
           9   8.5000000000000000       0.99999560686747258        2.7912988040717700E-005
           9   9.5000000000000000       0.99999532138828251        1.1700499883769450E-004
          10   9.5000000000000000       0.99999952259861902        3.7678109036618080E-006
          10   10.500000000000000       0.99999950898312850        2.0533339181928808E-005
          11   10.500000000000000       0.99999994844340401        4.6138717640732714E-007
          11   11.500000000000000       0.99999994781499379        3.6010328393460715E-006
          12   11.500000000000000       0.99999999445842414        4.5869801702192509E-008
          12   12.500000000000000       0.99999999443057708        6.3111175660852018E-007
          13   12.500000000000000       0.99999999940661444        1.9215260417030563E-009
          13   13.500000000000000       0.99999999940512330        1.1058388315859451E-007
          14   13.500000000000000       0.99999999993680688       -7.2932764581602387E-010
          14   14.500000000000000       0.99999999993634958        1.9379514069563735E-008
          15   14.500000000000000       0.99999999999300127       -3.0973265817171835E-010
          15   15.500000000000000       0.99999999999311329        3.3955970760640620E-009
          16   15.500000000000000       0.99999999999952660       -8.6412906025682044E-011
          16   16.500000000000000       0.99999999999933142        5.9588770254403604E-010
          17   16.500000000000000       0.99999999999994504       -1.9583397538924630E-011
          17   17.500000000000000       0.99999999999990630        1.0576602400856386E-010
          18   17.500000000000000        1.0000000000001528       -8.4941756886717934E-012
          18   18.500000000000000        1.0000000000003548        1.4289395553934746E-011
          19   18.500000000000000        1.0000000000000195       -3.3581790216923067E-012
          19   19.500000000000000        1.0000000000003229       -2.1011253777149083E-012
          20   19.500000000000000       0.99999999999987754       -2.7340751403119892E-012
          20   20.500000000000000       0.99999999999996581       -9.1295949210512721E-013
