           1   27.310547959889266     
           2   28.516595533967589     
           3   30.457580837582032     
           4   33.036096993423783     
           5   36.124939324926231     
           6   39.567432383746166     
           7   43.196608038944262     
           8   46.839426001386052     
           9   50.319121133528270     
          10   53.476424157676014     
          11   56.170024376300759     
          12   58.278888912555814     
          13   59.716064961171220     
          14   60.424963964631004     
          15   60.380638683970915     
          16   59.591295707679208     
          17   58.092706154000922     
          18   55.948961706821407     
          19   53.242627968519258     
          20   50.070650102328585     
          21   46.545763852054350     
          22   42.780083490720813     
          23   38.884835016468763     
          24   34.973112848509430     
          25   31.142539840717237     
          26   27.479093256595327     
          27   24.060971612905895     
          28   20.944554791520076     
          29   18.170875213553401     
          30   15.769751298703433     
          31   13.750995083429192     
          32   12.111433182291423     
          33   10.838424029098698     
          34   9.9061887707132534     
          35   9.2816158009829071     
          36   8.9266285567734585     
          37   8.7981974624597150     
          38   8.8519990403170841     
          39   9.0435558034596788     
          40   9.3300383627348005     
          41   9.6717323365352392     
          42   10.032233631871144     
          43   10.380397625413410     
          44   10.690031560833411     
          45   10.940416799678548     
          46   11.115759282517482     
          47   11.205859836905077     
          48   11.205107006381343     
          49   11.112214123268924     
          50   10.929653272359648     
          51   10.662812306656946     
          52   10.320046962079434     
          53   9.9111278935724521     
          54   9.4469280062313707     
          55   8.9398334434578715     
          56   8.4016399645553115     
          57   7.8438381870043870     
          58   7.2782916808873495     
          59   6.7150226558740709     
          60   6.1629589904395559     
          61   5.6307291029298634     
          62   5.1246719081140357     
          63   4.6498217131206134     
          64   4.2106757976193760     
          65   3.8096178853202707     
          66   3.4479225112497840     
          67   3.1263947498376141     
          68   2.8442595924716159     
          69   2.6000273384583283     
          70   2.3919591582832651     
          71   2.2173751368038035     
          72   2.0732999068676512     
          73   1.9567546629475587     
          74   1.8643831996699598     
          75   1.7928663121448078     
          76   1.7390717297668776     
          77   1.6998848638506376     
          78   1.6724277791141147     
          79   1.6541118988877743     
          80   1.6425752933240005     
          81   1.6357642754298602     
          82   1.6319329273786289     
          83   1.6296171059940221     
          84   1.6276381837325042     
          85   1.6250839185177424     
          86   1.6212792456062080     
          87   1.6157600813861515     
          88   1.6082573619712131     
          89   1.5986489960837873     
          90   1.5869348829903012     
          91   1.5732343098959263     
          92   1.5577192897338137     
          93   1.5406059892384563     
          94   1.5221673797480098     
          95   1.5026557227133837     
          96   1.4823137348698552     
          97   1.4613998945634519     
          98   1.4401088976913439     
          99   1.4185989966874522     
         100   1.3970259594154897     
         101   1.3754674007513157     
         102   1.3539601767112495     
         103   1.3325395108796276     
         104   1.3111686865188792     
         105   1.2897808258371311     
         106   1.2683210459724066     
         107   1.2466790422761933     
         108   1.2247316050615136     
         109   1.2023870466638424     
         110   1.1795158997369344     
         111   1.1559929046847812     
         112   1.1317438852430248     
         113   1.1066694715742997     
         114   1.0806871741136888     
         115   1.0537811718455679     
         116   1.0259153383470490     
         117  0.99707695499485283     
         118  0.96732952712534326     
         119  0.93671378946366657     
         120  0.90529454679749799     
         121  0.87321583115078627     
         122  0.84059129825715495     
         123  0.80755485507473557     
         124  0.77431649621900489     
         125  0.74104602358275662     
         126  0.70794578883563042     
         127  0.67521028716686315     
         128  0.64309786916425704     
         129  0.61181492038489127     
         130  0.58157110896516762     
         131  0.55262611490103075     
         132  0.52518249451338239     
         133  0.49943861796597355     
         134  0.47562629064420425     
         135  0.45391954460977146     
         136  0.43448192323138907     
         137  0.41749231219987515     
         138  0.40307610135184313     
         139  0.39134355067079951     
         140  0.38240194064465088     
         141  0.37631406574425608     
         142  0.37312491485614757     
         143  0.37285928021191667     
         144  0.37551054905159137     
         145  0.38105375523736013     
         146  0.38942891187364626     
         147  0.40056075725153401     
         148  0.41435725395972361     
         149  0.43067998489420722     
         150  0.44939310891215417     
         151  0.47034746982512610     
         152  0.49334029854848388     
         153  0.51818939632423744     
         154  0.54470406200540988     
         155  0.57263700331410428     
         156  0.60177794272225849     
         157  0.63191349499452798     
         158  0.66277458245944709     
         159  0.69414244614929643     
         160  0.72580033822842682     
         161  0.75747986494775854     
         162  0.78897187555494708     
         163  0.82007332046110371     
         164  0.85053583747857608     
         165  0.88017415942162192     
         166  0.90881169844613052     
         167  0.93623439202411429     
         168  0.96228999761201406     
         169  0.98683590258739007     
         170   1.0097008150025695     
         171   1.0307694205397548     
         172   1.0499356240086164     
         173   1.0670741615782504     
         174   1.0821063804464697     
         175   1.0949616462718741     
         176   1.1055604031595863     
         177   1.1138581197636128     
         178   1.1198170033335062     
         179   1.1234014512740651     
