   1.0000000000000000        1.0062834658549578        1.0062835136508577E-003
   2.0000000000000000        1.0232209652505007        1.0232210138508887E-003
   3.0000000000000000        1.0034131312613361        1.0034131789209025E-003
   4.0000000000000000       0.94336101805164163        9.4336106285888561E-004
   5.0000000000000000       0.86099279580383770        8.6099283669880105E-004
   6.0000000000000000       0.77718884828705892        7.7718888520154840E-004
   7.0000000000000000       0.70871185883901489        7.0871189250102187E-004
   8.0000000000000000       0.66600471036239650        6.6600474199592281E-004
   9.0000000000000000       0.65309288806701249        6.5309291908726016E-004
   10.000000000000000       0.66844008641161567        6.6844011816081616E-004
   11.000000000000000       0.70623355928848019        7.0623359283277431E-004
   12.000000000000000       0.75783117865237604        7.5783121464742553E-004
   13.000000000000000       0.81321183654763052        8.1321187517312016E-004
   14.000000000000000       0.86232161120651718        8.6232165216459597E-004
   15.000000000000000       0.89623564211321749        8.9623568468212621E-004
   16.000000000000000       0.90807533937305884        9.0807538250432308E-004
   17.000000000000000       0.89363906355272837        8.9363910599830627E-004
   18.000000000000000       0.85172421837845413        8.5172425883318372E-004
   19.000000000000000       0.78414002714817876        7.8414006439283157E-004
   20.000000000000000       0.69543209315438648        6.9543212618563850E-004
   21.000000000000000       0.59236050900561688        5.9236053714123134E-004
   22.000000000000000       0.48319090753440358        4.8319093048474019E-004
   23.000000000000000       0.37687070671661121        3.7687072461700926E-004
   24.000000000000000       0.28216957223089317        2.8216958563322868E-004
   25.000000000000000       0.20686308242943383        2.0686309225490302E-004
   26.000000000000000       0.15703170716146825        1.5703171462007410E-004
   27.000000000000000       0.13653418251945917        1.3653418900448486E-004
   28.000000000000000       0.14669647891032681        1.4669648587803567E-004
   29.000000000000000       0.18623659122210448        1.8623660006786790E-004
   30.000000000000000       0.25142336835416074        2.5142338029612995E-004
   31.000000000000000       0.33644663226486765        3.3644664824522520E-004
   32.000000000000000       0.43395782814994172        4.3395784876183252E-004
   33.000000000000000       0.53572694835701273        5.3572697380267742E-004
   34.000000000000000       0.63335352940214795        6.3335355948482633E-004
   35.000000000000000       0.71896759520989750        7.1896762935902588E-004
   36.000000000000000       0.78586037229357053        7.8586040961993529E-004
   37.000000000000000       0.82899374497851730        8.2899378435360733E-004
   38.000000000000000       0.84535061264866529        8.4535065280066490E-004
   39.000000000000000       0.83410410890131059        8.3410414851912984E-004
   40.000000000000000       0.79660044874742064        7.9660048658391168E-004
   41.000000000000000       0.73616640424845370        7.3616643921448164E-004
   42.000000000000000       0.65776665548553515        6.5776668672777486E-004
   43.000000000000000       0.56754739249056974        5.6754741944762437E-004
   44.000000000000000       0.47230979380762667        4.7230981624113812E-004
   45.000000000000000       0.37896002763394399        3.7896004563357945E-004
   46.000000000000000       0.29398126891451326        2.9398128287787424E-004
   47.000000000000000       0.22296832486901139        2.2296833545943853E-004
   48.000000000000000       0.17025753325437903        1.7025754134117793E-004
   49.000000000000000       0.13867456768223557        1.3867457426892409E-004
   50.000000000000000       0.12941168029323952        1.2941168643996451E-004
   51.000000000000000       0.14203476261535297        1.4203476936164219E-004
   52.000000000000000       0.17461034845846277        1.7461035675200929E-004
   53.000000000000000       0.22393409168552098        2.2393410232181960E-004
   54.000000000000000       0.28583588422147682        2.8583589779795281E-004
   55.000000000000000       0.35553295075593488        3.5553296764284387E-004
   56.000000000000000       0.42800103657447336        4.2800105690343174E-004
   57.000000000000000       0.49833503909199028        4.9833506276163457E-004
   58.000000000000000       0.56207377951186877        5.6207380620894071E-004
   59.000000000000000       0.61546858797452952        6.1546861720771884E-004
   60.000000000000000       0.65568142071729285        6.5568145186048921E-004
   61.000000000000000       0.68090475260489525        6.8090478494613562E-004
   62.000000000000000       0.69040193084999835        6.9040196364233042E-004
   63.000000000000000       0.68447254391645784        6.8447257642715914E-004
   64.000000000000000       0.66435226411969672        6.6435229567473600E-004
   65.000000000000000       0.63206029618473736        6.3206032620599054E-004
   66.000000000000000       0.59020986900957029        5.9020989704303476E-004
   67.000000000000000       0.54179813040869262        5.4179815614272290E-004
   68.000000000000000       0.48999144061395977        4.8999146388730439E-004
   69.000000000000000       0.43792059348982720        4.3792061428993929E-004
   70.000000000000000       0.38849817002779197        3.8849818848046488E-004
   71.000000000000000       0.34426732580040870        3.4426734215222923E-004
   72.000000000000000       0.30728811895808794        3.0728813355349039E-004
   73.000000000000000       0.27906426808539719        2.7906428134023869E-004
   74.000000000000000       0.26051022487170250        2.6051023724527425E-004
   75.000000000000000       0.25195584202072863        2.5195585398798899E-004
   76.000000000000000       0.25318384351018741        2.5318385553577469E-004
   77.000000000000000       0.26349383612692079        2.6349384864220643E-004
   78.000000000000000       0.28178575737440403        2.8178577075850932E-004
   79.000000000000000       0.30665540643646183        3.0665542100181205E-004
   80.000000000000000       0.33649498387000937        3.3649499985266345E-004
   81.000000000000000       0.36959227557678315        3.6959229313147425E-004
   82.000000000000000       0.40422314339101889        4.0422316259058796E-004
   83.000000000000000       0.43873320754394046        4.3873322838264961E-004
   84.000000000000000       0.47160590742391462        4.7160592982399324E-004
   85.000000000000000       0.50151539962553526        5.0151542344623859E-004
   86.000000000000000       0.52736390701342795        5.2736393206186940E-004
   87.000000000000000       0.54830410228631044        5.4830412832935788E-004
   88.000000000000000       0.56374785189016574        5.6374787866675185E-004
   89.000000000000000       0.57336314396120081        5.7336317119448883E-004
   90.000000000000000       0.57706128406758594        5.7706131147652624E-004
   91.000000000000000       0.57497649239561976        5.7497651970553777E-004
   92.000000000000000       0.56743991921032011        5.6743994616227005E-004
   93.000000000000000       0.55494986544594671        5.5494989180465096E-004
   94.000000000000000       0.53813970900250774        5.3813973456277235E-004
   95.000000000000000       0.51774474811807136        5.1774477270962729E-004
   96.000000000000000       0.49456892475241609        4.9456894824317953E-004
   97.000000000000000       0.46945221236921264        4.6945223466699626E-004
   98.000000000000000       0.44323935538585263        4.4323937643859232E-004
   99.000000000000000       0.41675062522338491        4.1675064501797742E-004
   100.00000000000000       0.39075528740459098        3.9075530596447122E-004
   101.00000000000000       0.36594852060113980        3.6594853798276185E-004
   102.00000000000000       0.34293255120195593        3.4293256749037810E-004
   103.00000000000000       0.32220272660836985        3.2220274191217818E-004
   104.00000000000000       0.30413911660287601        3.0413913104870887E-004
   105.00000000000000       0.28900398944662126        2.8900400317357418E-004
   106.00000000000000       0.27694516187868468        2.7694517503287400E-004
   107.00000000000000       0.26800479478881351        2.6800480751835819E-004
   108.00000000000000       0.26213274293064537        2.6213275538128258E-004
   109.00000000000000       0.25920312563721254        2.5920313794870037E-004
   110.00000000000000       0.25903243058571568        2.5903244288909592E-004
   111.00000000000000       0.26139725594033486        2.6139726835603831E-004
   112.00000000000000       0.26604978692250675        2.6604979955919357E-004
   113.00000000000000       0.27272931911664061        2.7272933207058819E-004
   114.00000000000000       0.28116858322445598        2.8116859657924709E-004
   115.00000000000000       0.29109426470595567        2.9109427853219133E-004
   116.00000000000000       0.30222188761228636        3.0222190196705576E-004
   117.00000000000000       0.31424606160746454        3.1424607653335156E-004
   118.00000000000000       0.32682787608357866        3.2682789160706977E-004
   119.00000000000000       0.33958186298565490        3.3958187911492792E-004
   120.00000000000000       0.35206534698836689        3.5206536371057358E-004
   121.00000000000000       0.36377308579299711        3.6377310307129153E-004
   122.00000000000000       0.37413983397332778        3.7413985174401630E-004
   123.00000000000000       0.38255283907669463        3.8255285724697949E-004
   124.00000000000000       0.38837533795734525        3.8837535640418394E-004
   125.00000000000000       0.39098094308508879        3.9098096165568708E-004
   126.00000000000000       0.38979750361972293        3.8979752213411090E-004
   127.00000000000000       0.38435772664384565        3.8435774489985804E-004
   128.00000000000000       0.37435269029599616        3.7435270807679484E-004
   129.00000000000000       0.35968350594209925        3.5968352302614905E-004
   130.00000000000000       0.34050590297255251        3.4050591914571506E-004
   131.00000000000000       0.31726249563721176        3.1726251070637168E-004
   132.00000000000000       0.29069798213239295        2.9069799593980618E-004
   133.00000000000000       0.26185351007704205        2.6185352251441638E-004
   134.00000000000000       0.23203786026277692        2.3203787128398389E-004
   135.00000000000000       0.20277485008735846        2.0277485971864701E-004
   136.00000000000000       0.17572830338070741        1.7572831172735394E-004
   137.00000000000000       0.15260791636812077        1.5260792361660783E-004
   138.00000000000000       0.13506120400248992        1.3506121041755289E-004
   139.00000000000000       0.12455827659136605        1.2455828250756672E-004
   140.00000000000000       0.12227733278176156        1.2227733858962323E-004
   141.00000000000000       0.12899935169966803        1.2899935782680844E-004
   142.00000000000000       0.14502045400122196        1.4502046088932390E-004
   143.00000000000000       0.17008975303730722        1.7008976111613700E-004
   144.00000000000000       0.20337925374578222        2.0337926340577842E-004
   145.00000000000000       0.24349054318139463        2.4349055474657484E-004
   146.00000000000000       0.28850075738871245        2.8850077109176311E-004
   147.00000000000000       0.33604774186796765        3.3604775782937891E-004
   148.00000000000000       0.38345160834680186        3.8345162655977594E-004
   149.00000000000000       0.42786720433093434        4.2786722465353602E-004
   150.00000000000000       0.46645953341351409        4.6645955556915309E-004
   151.00000000000000       0.49659206696674535        4.9659209055360283E-004
   152.00000000000000       0.51601632913879170        5.1601635364825218E-004
   153.00000000000000       0.52305024940762024        5.2305027425117402E-004
   154.00000000000000       0.51673265898656073        5.1673268353004506E-004
   155.00000000000000       0.49694201654299169        4.9694204014647089E-004
   156.00000000000000       0.46446899480625570        4.6446901686734917E-004
   157.00000000000000       0.42103490036358632        4.2103492036167097E-004
   158.00000000000000       0.36925093748834015        3.6925095502681859E-004
   159.00000000000000       0.31251691264420989        3.1251692748796673E-004
   160.00000000000000       0.25486190922818530        2.5486192133347641E-004
   161.00000000000000       0.20073350070365689        2.0073351023798658E-004
   162.00000000000000       0.15474594423134405        1.5474595158138199E-004
   163.00000000000000       0.12140122354096448        1.2140122930721319E-004
   164.00000000000000       0.10479951377713383        1.0479951875484363E-004
   165.00000000000000       0.10835737625695545        1.0835738140365465E-004
   166.00000000000000       0.13455256271513122        1.3455256910603503E-004
   167.00000000000000       0.18471359377531021        1.8471360254873514E-004
   168.00000000000000       0.25887024067479264        2.5887025297046930E-004
   169.00000000000000       0.35567774747912140        3.5567776437290789E-004
   170.00000000000000       0.47242325013615022        4.7242327257505056E-004
   171.00000000000000       0.60511764209369001        6.0511767083523574E-004
   172.00000000000000       0.74867044865084442        7.4867048421078258E-004
   173.00000000000000       0.89713950659117603        8.9713954920301610E-004
   174.00000000000000        1.0440418325655454        1.0440418821548714E-003
   175.00000000000000        1.1827074267322968        1.1827074829078852E-003
   176.00000000000000        1.3066542776794148        1.3066543397421628E-003
   177.00000000000000        1.4099608135847532        1.4099608805542983E-003
   178.00000000000000        1.4876116796160439        1.4876117502738073E-003
   179.00000000000000        1.5357940827786420        1.5357941557249467E-003
   180.00000000000000        1.5521249664280357        1.5521250401500156E-003
