           0   1.0000000000000000      -0.16069860577972930      -0.52227273929753582     
           1   0.0000000000000000      -0.26355209656340822       0.44884024558421021     
           1   1.0000000000000000      -0.38664803813064624       0.35563155313805472     
           1   2.0000000000000000      -0.53127609346174232        9.1376602443803176E-002
           2   1.0000000000000000       0.44977563656288583       0.25795671914509227     
           2   2.0000000000000000       0.25788781245888437       0.46808755105700073     
           2   3.0000000000000000      -0.16695411207453770       0.51707277908291882     
           3   2.0000000000000000       0.20433019121707269      -0.43839988789838780     
           3   3.0000000000000000       0.49496843436650917       -7.1994489442241225E-002
           3   4.0000000000000000       0.28720711626169082       0.46432708371673520     
           4   3.0000000000000000      -0.44143118235673218      -0.20013871591482724     
           4   4.0000000000000000       -8.4675869199514926E-003 -0.51851560470598834     
           4   5.0000000000000000       0.50736826511281430       -2.5323395957442433E-002
           5   4.0000000000000000       0.13558805420945358       0.36583000988338532     
           5   5.0000000000000000      -0.44057735063709147      -0.11594568247098382     
           5   6.0000000000000000       0.19095344942940662      -0.52371487552047358     
           6   5.0000000000000000       0.42871339338328290      -0.25154151008583014     
           6   6.0000000000000000       0.26364329114905533       0.39607635249755324     
           6   7.0000000000000000      -0.30602058199540233      -0.36347626525869908     
           7   6.0000000000000000       0.45664169066042271       0.37952126080160253     
           7   7.0000000000000000       0.52482564968051848      -0.14488614410377965     
           7   8.0000000000000000        9.6601879391410128E-002  0.47321044863018435     
           8   7.0000000000000000       0.86024175091604360       0.14881133895225931     
           8   8.0000000000000000       0.59383310189930738       0.42575967002444104     
           8   9.0000000000000000       0.75062325473706115       0.15815787443902557     
           9   8.0000000000000000       0.98318362960259997        6.5559910813596939E-002
           9   9.0000000000000000       0.94768358809289999       0.13933602725356217     
           9   10.000000000000000       0.69998916920820287       0.26733191269282880     
          10   9.0000000000000000       0.99732564881906227        1.9339460709714349E-002
          10   10.000000000000000       0.99256616256694263        5.3895157877091218E-002
          10   11.000000000000000       0.98593955387449439        9.6081156153036279E-002
          11   10.000000000000000       0.99947774725182603        5.8398960221489396E-003
          11   11.000000000000000       0.99917587125107699        1.6739621427500340E-002
          11   12.000000000000000       0.99779159305365128        2.8930608789402415E-002
          12   11.000000000000000       0.99989037664075198        1.7731163874978467E-003
          12   12.000000000000000       0.99986302519377013        5.4325905198906507E-003
          12   13.000000000000000       0.99974520074452522        9.6178790176414380E-003
          13   12.000000000000000       0.99997636550617808        5.3604427177341915E-004
          13   13.000000000000000       0.99997360298444837        1.7909679587401754E-003
          13   14.000000000000000       0.99996702774088986        3.1686478628686590E-003
          14   13.000000000000000       0.99999485678447830        1.6067000958722480E-004
          14   14.000000000000000       0.99999456706542178        5.9322905460523724E-004
          14   15.000000000000000       0.99999397750189656        1.0600865684640584E-003
          15   14.000000000000000       0.99999887794198117        4.7709555634339198E-005
          15   15.000000000000000       0.99999884711092490        1.9681192632747628E-004
          15   16.000000000000000       0.99999878636085637        3.5631954742782693E-004
          16   15.000000000000000       0.99999975522570284        1.4059413844389588E-005
          16   16.000000000000000       0.99999975192231416        6.5375015246205547E-005
          16   17.000000000000000       0.99999974535547842        1.1996274422985278E-004
          17   16.000000000000000       0.99999994665469882        4.2506099692771268E-006
          17   17.000000000000000       0.99999994629698630        2.1877403220289163E-005
          17   18.000000000000000       0.99999994557033334        4.0550194537791593E-005
          18   17.000000000000000       0.99999998838841864        1.4095477645482243E-006
          18   18.000000000000000       0.99999998834878223        7.4527008819256824E-006
          18   19.000000000000000       0.99999998826684489        1.3832871480136616E-005
          19   18.000000000000000       0.99999999747569912        5.4299370279352350E-007
          19   19.000000000000000       0.99999999747117585        2.6111368074042885E-006
          19   20.000000000000000       0.99999999746170498        4.7883113539946813E-006
          20   19.000000000000000       0.99999999945187457        3.1994078857146077E-007
          20   20.000000000000000       0.99999999945126672        1.0265766215190036E-006
          20   21.000000000000000       0.99999999945008877        1.7685694517164685E-006
