           0   1.0000000000000000      -0.24916475803583044        3.2205884149881694E-002
           1   0.0000000000000000       0.22571448902030983        3.1195103945270593E-002
           1   1.0000000000000000       0.18299979798771945       0.13275193288333043     
           1   2.0000000000000000       -2.2500966565566785E-002  0.23374726445199528     
           2   1.0000000000000000        1.6347388176237262E-002 -0.15878578113724565     
           2   2.0000000000000000       0.20296070776692166       -9.8791247543319874E-002
           2   3.0000000000000000       0.18321392817395396       0.20247204780209030     
           3   2.0000000000000000      -0.20800177772674344        6.7779283361990933E-002
           3   3.0000000000000000       -7.1371293645546674E-002 -0.17562040942995988     
           3   4.0000000000000000       0.24799721438487476        7.1325455556139825E-002
           4   3.0000000000000000        2.7976023237404307E-002   1.4566009136154167E-002
           4   4.0000000000000000      -0.23084052454570994       -3.9783762307974667E-002
           4   5.0000000000000000       0.18424829207769053      -0.13648335331580211     
           5   4.0000000000000000       0.11900359717193054      -0.24338939541077442     
           5   5.0000000000000000        4.0403805844380671E-003   8.1747278155706191E-002
           5   6.0000000000000000        2.9764043155868208E-002 -0.29884769390136334     
           6   5.0000000000000000       0.35104118025305797       -5.7425864448874389E-002
           6   6.0000000000000000       0.28784855733684134       -7.0696097152455811E-002
           6   7.0000000000000000       -9.8209087264434669E-002 -0.24192154929419485     
           7   6.0000000000000000       0.67030794321446807        7.1305253531393576E-003
           7   7.0000000000000000       0.26726592974466101       -2.1884292074586136E-003
           7   8.0000000000000000        9.9149692026055322E-003   9.6225727577758005E-002
           8   7.0000000000000000       0.88310041998860123        3.1963125568124050E-002
           8   8.0000000000000000       0.62756362776554342       0.24797590390009369     
           8   9.0000000000000000       0.49448890197920770       0.25914260967844488     
           9   8.0000000000000000       0.96690367884714634        1.3836042734769660E-002
           9   9.0000000000000000       0.89130940312563145       0.16142224762136545     
           9   10.000000000000000       0.73986111031524426       0.16372054320365531     
          10   9.0000000000000000       0.99120874549602445        4.4564563360859301E-003
          10   10.000000000000000       0.98128646130969555        6.5981770720926619E-002
          10   11.000000000000000       0.92799399496851820       0.14734072065822776     
          11   10.000000000000000       0.99772706639378195        1.3146639923332793E-003
          11   11.000000000000000       0.99671514111506909        2.2645915036875412E-002
          11   12.000000000000000       0.99267234832317530        4.9484792490055905E-002
          12   11.000000000000000       0.99980463706453726        1.3399749045298330E-003
          12   12.000000000000000       0.99907696958993530        7.2611506349317973E-003
          12   13.000000000000000       0.99901466251980198        1.5925926036037704E-002
          13   12.000000000000000       0.99995627825184785        4.0157514983802224E-004
          13   13.000000000000000       0.99982176916028342        2.1849004725379650E-003
          13   14.000000000000000       0.99974303508141549        5.3716559593648744E-003
          14   13.000000000000000       0.99997740588994832        4.9277646752619480E-005
          14   14.000000000000000       0.99996801968617988        9.0583632063738928E-004
          14   15.000000000000000       0.99996769267427132        1.8447673949435991E-003
          15   14.000000000000000       0.99999791839237417        3.5690106038206392E-005
          15   15.000000000000000       0.99998294119632936        2.5793813848987011E-004
          15   16.000000000000000       0.99940667506974767        3.6335110482841899E-004
          16   15.000000000000000       0.99999956328635320        1.0558160293807817E-005
          16   16.000000000000000       0.99999456783341445        8.8251018463137289E-005
          16   17.000000000000000       0.99975696296752881        1.6014597317928476E-004
          17   16.000000000000000       0.99999991511560771        3.2182366235525453E-006
          17   17.000000000000000       0.99999829006497654        3.0043439712758592E-005
          17   18.000000000000000       0.99990946874762476        6.7684694184477694E-005
          18   17.000000000000000       0.99999998685002023        1.0936334213183525E-006
          18   18.000000000000000       0.99999948123584059        1.0189077424621210E-005
          18   19.000000000000000       0.99996901030746776        2.6777193603311579E-005
          19   18.000000000000000       0.99999999943210827        4.4305758133015313E-007
          19   19.000000000000000       0.99999985156184878        3.4597573164250463E-006
          19   20.000000000000000       0.99999023920838392        9.8684564873108262E-006
          20   19.000000000000000        1.0000000006775558        2.8844953917688831E-007
          20   20.000000000000000       0.99999996056295770        1.2677393504908714E-006
          20   21.000000000000000       0.99999717632285778        3.4893272717247338E-006
