   1.0000000000000000        244004198.66264307        244004.21025222063     
   2.0000000000000000        15509312.887631858        15509.313624284692     
   3.0000000000000000        3005025.2107663304        3005.0253534973690     
   4.0000000000000000        894222.66205499659        894.22270452829389     
   5.0000000000000000        334445.74301841174        334.44575890373216     
   6.0000000000000000        145670.06264009146        145.67006955904816     
   7.0000000000000000        71748.526449917103        71.748529857789251     
   8.0000000000000000        39553.382412766943        39.553384291451799     
   9.0000000000000000        24235.175119976891        24.235176271085940     
   10.000000000000000        16290.066407672808        16.290067181409444     
   11.000000000000000        11767.962236643898        11.767962795592112     
   12.000000000000000        8926.4465312497105        8.9264469552331693     
   13.000000000000000        6963.2673072446842        6.9632676379821339     
   14.000000000000000        5497.1272042282480        5.4971274653277797     
   15.000000000000000        4341.8612199901263        4.3418614262174682     
   16.000000000000000        3403.6513511484277        3.4036515128131919     
   17.000000000000000        2632.6807584527769        2.6326808834984030     
   18.000000000000000        1999.9246467884286        1.9999247417797521     
   19.000000000000000        1485.9394377889002        1.4859395083672364     
   20.000000000000000        1075.5193060203881        1.0755193571048138     
   21.000000000000000        755.26320231045281       0.75526323818353003     
   22.000000000000000        512.58722163674281       0.51258724598332939     
   23.000000000000000        335.44053859820906       0.33544055453077970     
   24.000000000000000        212.34348493923065       0.21234349502500499     
   25.000000000000000        132.55020120844677       0.13255020750424348     
   26.000000000000000        86.234216541898377        8.6234220637803879E-002
   27.000000000000000        64.646465168184491        6.4646468238726829E-002
   28.000000000000000        60.223138508668001        6.0223141369113588E-002
   29.000000000000000        66.636295855491454        6.6636299020545672E-002
   30.000000000000000        78.788915114049857        7.8788918856322512E-002
   31.000000000000000        92.760972233483230        9.2760976639392992E-002
   32.000000000000000        105.71573391993059       0.10571573894115852     
   33.000000000000000        115.77656948990828       0.11577657498900025     
   34.000000000000000        121.88471265374135       0.12188471844295455     
   35.000000000000000        123.64783112607306       0.12364783699902990     
   36.000000000000000        121.18820033055594       0.12118820608668658     
   37.000000000000000        114.99789086171761       0.11499789632382433     
   38.000000000000000        105.80680591987603       0.10580681094542964     
   39.000000000000000        94.467764349724177        9.4467768836702215E-002
   40.000000000000000        81.861219739426346        8.1861223627625643E-002
   41.000000000000000        68.820720626665604        6.8820723895474431E-002
   42.000000000000000        56.078915970974606        5.6078918634580185E-002
   43.000000000000000        44.232838101797931        4.4232840202745004E-002
   44.000000000000000        33.726376704076330        3.3726378305993267E-002
   45.000000000000000        24.847297782988761        2.4847298963172077E-002
   46.000000000000000        17.735850418205715        1.7735851260613406E-002
   47.000000000000000        12.401917759568811        1.2401918348628296E-002
   48.000000000000000        8.7477737344601021        8.7477741499570588E-003
   49.000000000000000        6.5937638646735621        6.5937641778605399E-003
   50.000000000000000        5.7045953412743984        5.7045956122281378E-003
   51.000000000000000        5.8143564563517804        5.8143567325188933E-003
   52.000000000000000        6.6488500351228241        6.6488503509262546E-003
   53.000000000000000        7.9442859998376996        7.9442863771710375E-003
   54.000000000000000        9.4618072205049337        9.4618076699166612E-003
   55.000000000000000        10.997699860391506        1.0997700382754220E-002
   56.000000000000000        12.389450993543671        1.2389451582011015E-002
   57.000000000000000        13.518055452954698        1.3518056095027878E-002
   58.000000000000000        14.307139614497130        1.4307140294049798E-002
   59.000000000000000        14.719565940692108        1.4719566639833976E-002
   60.000000000000000        14.752216119674854        1.4752216820367521E-002
   61.000000000000000        14.429632592047568        1.4429633277418339E-002
   62.000000000000000        13.797139620075926        1.3797140275404893E-002
   63.000000000000000        12.913977670289279        1.2913978283670306E-002
   64.000000000000000        11.846880145331012        1.1846880708027625E-002
   65.000000000000000        10.664409691529833        1.0664410198062113E-002
   66.000000000000000        9.4322611280733444        9.4322615760817075E-003
   67.000000000000000        8.2096363541936288        8.2096367441304319E-003
   68.000000000000000        7.0467083229947631        7.0467086576954489E-003
   69.000000000000000        5.9831193797511562        5.9831196639340773E-003
   70.000000000000000        5.0474053006622581        5.0474055404011453E-003
   71.000000000000000        4.2572001370622825        4.2572003392684389E-003
   72.000000000000000        3.6200572229137618        3.6200573948572535E-003
   73.000000000000000        3.1347163626844221        3.1347165115754600E-003
   74.000000000000000        2.7926536850111865        2.7926538176551189E-003
   75.000000000000000        2.5797660892728747        2.5797662118051887E-003
   76.000000000000000        2.4780637927584532        2.4780639104601677E-003
   77.000000000000000        2.4672695606121056        2.4672696778011215E-003
   78.000000000000000        2.5262494491668801        2.5262495691572903E-003
   79.000000000000000        2.6342254044717675        2.6342255295907602E-003
   80.000000000000000        2.7717433673474443        2.7717434989981901E-003
   81.000000000000000        2.9213906262206955        2.9213907649793046E-003
   82.000000000000000        3.0682724281755021        3.0682725739106225E-003
   83.000000000000000        3.2002700729001030        3.2002702249047748E-003
   84.000000000000000        3.3081109441436864        3.3081111012705248E-003
   85.000000000000000        3.3852854873345777        3.3852856481270104E-003
   86.000000000000000        3.4278474995789416        3.4278476623929612E-003
   87.000000000000000        3.4341328471844856        3.4341330102970434E-003
   88.000000000000000        3.4044285062381139        3.4044286679397913E-003
   89.000000000000000        3.3406192775603416        3.3406194362312429E-003
   90.000000000000000        3.2458342660835005        3.2458344202523554E-003
   91.000000000000000        3.1241097753672844        3.1241099237545363E-003
   92.000000000000000        2.9800800971099775        2.9800802386561868E-003
   93.000000000000000        2.8187031112938725        2.8187032451750865E-003
   94.000000000000000        2.6450238769819574        2.6450240026138503E-003
   95.000000000000000        2.4639765928052753        2.4639767098378835E-003
   96.000000000000000        2.2802234381591311        2.2802235464639328E-003
   97.000000000000000        2.0980277771894680        2.0980278768404402E-003
   98.000000000000000        1.9211588535731725        1.9211589448233216E-003
   99.000000000000000        1.7528252167099325        1.7528252999646629E-003
   100.00000000000000        1.5956344758699963        1.5956345516585672E-003
   101.00000000000000        1.4515773678366826        1.4515774367829079E-003
   102.00000000000000        1.3220343736519673        1.3220344364452306E-003
   103.00000000000000        1.2078031167053984        1.2078031740729682E-003
   104.00000000000000        1.1091444717959413        1.1091445244774769E-003
   105.00000000000000        1.0258447378213040        1.0258447865463146E-003
   106.00000000000000       0.95729046354010772        9.5729050900896493E-004
   107.00000000000000       0.90255170195329038        9.0255174482219592E-004
   108.00000000000000       0.86046876506385772        8.6046880593393100E-004
   109.00000000000000       0.82973711760916424        8.2973715701956260E-004
   110.00000000000000       0.80898502049011645        8.0898505891484308E-004
   111.00000000000000       0.79683899876340458        7.9683903661122613E-004
   112.00000000000000       0.79197318826809815        7.9197322588480605E-004
   113.00000000000000       0.79314006147349636        7.9314009914562781E-004
   114.00000000000000       0.79918183084514760        7.9918186880424767E-004
   115.00000000000000       0.80902380424123199        8.0902384266780074E-004
   116.00000000000000       0.82165291196729628        8.2165295099371550E-004
   117.00000000000000       0.83608631764908148        8.3608635736105068E-004
   118.00000000000000       0.85133625889138698        8.5133629932768943E-004
   119.00000000000000       0.86637787395000709        8.6637791510074799E-004
   120.00000000000000       0.88012665529336831        8.8012669709714125E-004
   121.00000000000000       0.89143130494750500        8.9143134728822003E-004
   122.00000000000000       0.89908620727316269        8.9908624997746603E-004
   123.00000000000000       0.90186561790190456        9.0186566073822288E-004
   124.00000000000000       0.89857919358483340        8.9857923626505487E-004
   125.00000000000000       0.88814590178657671        8.8814594397124342E-004
   126.00000000000000       0.86968091504439560        8.6968095635202248E-004
   127.00000000000000       0.84258806886906568        8.4258810888985147E-004
   128.00000000000000       0.80664906366309574        8.0664910197687041E-004
   129.00000000000000       0.76209998346960683        7.6210001966741368E-004
   130.00000000000000       0.70968597599332306        7.0968600970159809E-004
   131.00000000000000       0.65068609524279319        6.5068612614872432E-004
   132.00000000000000       0.58690227342253942        5.8690230129890156E-004
   133.00000000000000       0.52060901040378882        5.2060903513138999E-004
   134.00000000000000       0.45446343504469350        4.5446345663054837E-004
   135.00000000000000       0.39137865040529646        3.9137866899478487E-004
   136.00000000000000       0.33436645484287797        3.3436647072443236E-004
   137.00000000000000       0.28635836975843459        2.8635838335972733E-004
   138.00000000000000       0.25001616740275684        2.5001617927788755E-004
   139.00000000000000       0.22754459043916750        2.2754460124695561E-004
   140.00000000000000       0.22051956102745207        2.2051957150156918E-004
   141.00000000000000       0.22974483132582710        2.2974484223812103E-004
   142.00000000000000       0.25514873989747744        2.5514875201639226E-004
   143.00000000000000       0.29573058653906426        2.9573060058551341E-004
   144.00000000000000       0.34956325698200846        3.4956327358537224E-004
   145.00000000000000       0.41385530116008101        4.1385532081715304E-004
   146.00000000000000       0.48507190999640537        4.8507193303608481E-004
   147.00000000000000       0.55911038045588024        5.5911040701219828E-004
   148.00000000000000       0.63152194601589018        6.3152197601157301E-004
   149.00000000000000       0.69776851018184682        6.9776854332407267E-004
   150.00000000000000       0.75350006440259010        7.5350010019192273E-004
   151.00000000000000       0.79483657875830149        7.9483661651101318E-004
   152.00000000000000       0.81863706580601736        8.1863710468919155E-004
   153.00000000000000       0.82273843172665873        8.2273847080463730E-004
   154.00000000000000       0.80614769096928163        8.0614772925924230E-004
   155.00000000000000       0.76917312332152010        7.6917315985528304E-004
   156.00000000000000       0.71348293143246677        7.1348296532108759E-004
   157.00000000000000       0.64208379042786390        6.4208382092520748E-004
   158.00000000000000       0.55921619141937029        5.5921621798071407E-004
   159.00000000000000       0.47016843759967292        4.7016845993147537E-004
   160.00000000000000       0.38101628128926185        3.8101629938656412E-004
   161.00000000000000       0.29830018631898897        2.9830020048748755E-004
   162.00000000000000       0.22865673918942750        2.2865675005003983E-004
   163.00000000000000       0.17842449365869431        1.7842450213340300E-004
   164.00000000000000       0.15324722036129115        1.5324722764014354E-004
   165.00000000000000       0.15769889720312588        1.5769890469342158E-004
   166.00000000000000       0.19495463977104835        1.9495464903089685E-004
   167.00000000000000       0.26653004680493514        2.6653005946443306E-004
   168.00000000000000       0.37210814276888887        3.7210816044307729E-004
   169.00000000000000       0.50946837048345417        5.0946839468190327E-004
   170.00000000000000       0.67452616759156092        6.7452619962983474E-004
   171.00000000000000       0.86148490016258528        8.6148494108092243E-004
   172.00000000000000        1.0630947567992273        1.0630948072935188E-003
   173.00000000000000        1.2710061134358084        1.2710061738053593E-003
   174.00000000000000        1.4761983680308137        1.4761984381464739E-003
   175.00000000000000        1.6694598010113191        1.6694598803064047E-003
   176.00000000000000        1.8418900673520922        1.8418901548371760E-003
   177.00000000000000        1.9853947988677045        1.9853948931688975E-003
   178.00000000000000        2.0931416933658089        2.0931417927847044E-003
   179.00000000000000        2.1599494463008320        2.1599495488929255E-003
   180.00000000000000        2.1825848401209664        2.1825849437881835E-003
