           0  0.50000000000000000      -0.42425560344742247      -0.31793561207612819     
           1  0.50000000000000000      -0.28823880974779648       0.58450067129407901     
           1   1.5000000000000000      -0.45836725571864356       0.45106013962365732     
           2   1.5000000000000000       0.21154555265877417       0.40448036598834197     
           2   2.5000000000000000       -8.8909324000577203E-002  0.54029845953309652     
           3   2.5000000000000000       0.50983147431200659      -0.33383877007156948     
           3   3.5000000000000000       0.44567978082463000       0.23727112519574325     
           4   3.5000000000000000       0.10722434860982342      -0.47048737610924968     
           4   4.5000000000000000       0.58771868586301512      -0.32578292975068196     
           5   4.5000000000000000       0.47161470400532568       0.23473031225709656     
           5   5.5000000000000000       0.30381938717277446      -0.29532484837523498     
           6   5.5000000000000000       0.92364374261193682       0.11581091078897403     
           6   6.5000000000000000       0.67323326749384516       0.30275489878359158     
           7   6.5000000000000000       0.98916247247389000        2.8769946478805593E-002
           7   7.5000000000000000       0.97442790811572422        9.4008105985127308E-002
           8   7.5000000000000000       0.99833743972871480        6.7785317204318695E-003
           8   8.5000000000000000       0.99740055557412222        2.2592545951680986E-002
           9   8.5000000000000000       0.99974097920549043        1.5836226127730227E-003
           9   9.5000000000000000       0.99967542589772485        5.6004140960464075E-003
          10   9.5000000000000000       0.99995987923168173        3.6791450416710390E-004
          10   10.500000000000000       0.99995522278693993        1.4071808013581216E-003
          11   10.500000000000000       0.99999383731230929        8.4888564071083073E-005
          11   11.500000000000000       0.99999351136386350        3.5461984132258140E-004
          12   11.500000000000000       0.99999905941366751        1.9414629666227667E-005
          12   12.500000000000000       0.99999903709255555        8.9299101755528781E-005
          13   12.500000000000000       0.99999985706684857        4.3922687445552593E-006
          13   13.500000000000000       0.99999985556893412        2.2446685255360710E-005
          14   13.500000000000000       0.99999997834706811        9.8063789934606370E-007
          14   14.500000000000000       0.99999997824779596        5.6315404637408668E-006
          15   14.500000000000000       0.99999999672777662        2.1543286413506587E-007
          15   15.500000000000000       0.99999999672148909        1.4104149910875274E-006
          16   15.500000000000000       0.99999999950673057        4.6414923714100954E-008
          16   16.500000000000000       0.99999999950644813        3.5274315805856475E-007
          17   16.500000000000000       0.99999999992575550        9.7688029428864954E-009
          17   17.500000000000000       0.99999999992576094        8.8134249696683663E-008
          18   17.500000000000000       0.99999999998869693        1.9975508394843162E-009
          18   18.500000000000000       0.99999999998921862        2.2006270487762019E-008
          19   18.500000000000000       0.99999999999847600        4.0680343305551157E-010
          19   19.500000000000000       0.99999999999840072        5.5104509558441866E-009
          20   19.500000000000000       0.99999999999987188        9.5699686545800538E-011
          20   20.500000000000000       0.99999999999991596        1.3944124264352410E-009
