           0  0.50000000000000000      -0.47535359423623613      -0.11550233445424468     
           1  0.50000000000000000       -8.6285743648211038E-002  0.61361720016900279     
           1   1.5000000000000000      -0.24602322560772738       0.57069355620170648     
           2   1.5000000000000000       0.27364774015812593       0.29391512126850267     
           2   2.5000000000000000        9.5032458628020039E-002  0.47975521300916324     
           3   2.5000000000000000       0.41419898729063231      -0.42883624068638249     
           3   3.5000000000000000       0.51390502528360216        2.3497241236353397E-002
           4   3.5000000000000000        9.1517074389591169E-002 -0.44334806563392404     
           4   4.5000000000000000       0.46678688447009686      -0.43031409732271197     
           5   4.5000000000000000       0.42646478901695262       0.17791125992568607     
           5   5.5000000000000000       0.22550239880845016      -0.24317689831521605     
           6   5.5000000000000000       0.89899667972956798       0.12585544233013427     
           6   6.5000000000000000       0.67678970286254925       0.29428808020791314     
           7   6.5000000000000000       0.98469324015841275        3.4515002239353186E-002
           7   7.5000000000000000       0.96952255808657128        9.7614219224504126E-002
           8   7.5000000000000000       0.99747246573468507        8.8041487228272212E-003
           8   8.5000000000000000       0.99646641328217989        2.4429345500756771E-002
           9   8.5000000000000000       0.99958801585665003        2.1107703136009474E-003
           9   9.5000000000000000       0.99955154233139398        6.0576898033648805E-003
          10   9.5000000000000000       0.99992902771752556        5.3300556553800707E-004
          10   10.500000000000000       0.99993191171026174        1.5530257933342602E-003
          11   10.500000000000000       0.99998759708035589        1.3491925631782086E-004
          11   11.500000000000000       0.99998919921811613        3.9909438614223089E-004
          12   11.500000000000000       0.99999778654583193        3.4184194156832508E-005
          12   12.500000000000000       0.99999826003312176        1.0246763297112666E-004
          13   12.500000000000000       0.99999959271055439        8.6709900649855432E-006
          13   13.500000000000000       0.99999972037270746        2.6269350913519690E-005
          14   13.500000000000000       0.99999992180297104        2.2086645301870516E-006
          14   14.500000000000000       0.99999995592204061        6.7305810400353190E-006
          15   14.500000000000000       0.99999998411532731        5.6849530914455969E-007
          15   15.500000000000000       0.99999999337131107        1.7269105108632779E-006
          16   15.500000000000000       0.99999999654312932        1.4894272991965253E-007
          16   16.500000000000000       0.99999999911224746        4.4479696384703761E-007
          17   16.500000000000000       0.99999999919179394        3.9840070729231258E-008
          17   17.500000000000000       0.99999999991883726        1.1518086728965318E-007
          18   17.500000000000000       0.99999999979929821        1.0831165408086534E-008
          18   18.500000000000000        1.0000000000072369        2.9965605176097404E-008
          19   18.500000000000000       0.99999999994844502        2.9734702301328271E-009
          19   19.500000000000000        1.0000000000074996        7.8248013482453160E-009
          20   19.500000000000000       0.99999999998657640        8.2730310805028921E-010
          20   20.500000000000000        1.0000000000029763        2.0536456618648571E-009
