   1.0000000000000000        182912115.03267151        182912.12372053080     
   2.0000000000000000        11362454.596839596        11362.455136527229     
   3.0000000000000000        2189038.8796088910        2189.0389835826586     
   4.0000000000000000        664873.90775434487        664.87393933416092     
   5.0000000000000000        258688.54421312205        258.68855650016860     
   6.0000000000000000        117963.71986082921        117.96372546380525     
   7.0000000000000000        60296.252380392078        60.296255244310387     
   8.0000000000000000        33710.145990089928        33.710147591235945     
   9.0000000000000000        20313.405645091909        20.313406609926904     
   10.000000000000000        13060.854351558373        13.060854971915667     
   11.000000000000000        8885.2157689309661        8.8852161909560685     
   12.000000000000000        6343.0885979751747        6.3430888992557168     
   13.000000000000000        4711.9289378846843        4.7119291616892998     
   14.000000000000000        3611.4343679573913        3.6114345394913192     
   15.000000000000000        2832.9582254306047        2.8329583599889001     
   16.000000000000000        2257.9526265739664        2.2579527338209613     
   17.000000000000000        1816.9882838815272        1.8169883701838396     
   18.000000000000000        1468.2765072361074        1.4682765769754993     
   19.000000000000000        1185.9994294243418        1.1859994857562919     
   20.000000000000000        953.77029447528730       0.95377033977694536     
   21.000000000000000        760.87034658714128       0.76087038272654350     
   22.000000000000000        600.03447484027413       0.60003450334038233     
   23.000000000000000        466.12410056270346       0.46612412270241022     
   24.000000000000000        355.32054994893707       0.35532056682575758     
   25.000000000000000        264.63025553192284       0.26463026810118551     
   26.000000000000000        191.58024971494211       0.19158025881451571     
   27.000000000000000        134.03160147789279       0.13403160784405227     
   28.000000000000000        90.066841112616260        9.0066845390561659E-002
   29.000000000000000        57.924147175670235        5.7924149926919598E-002
   30.000000000000000        35.961118794416578        3.5961120502478065E-002
   31.000000000000000        22.637106680883964        2.2637107756088837E-002
   32.000000000000000        16.506911529410317        1.6506912313446545E-002
   33.000000000000000        16.221097089332122        1.6221097859792890E-002
   34.000000000000000        20.529748056881854        2.0529749031992561E-002
   35.000000000000000        28.287553299713800        2.8287554643300485E-002
   36.000000000000000        38.458808454889507        3.8458810281584890E-002
   37.000000000000000        50.121428339985208        5.0121430720625311E-002
   38.000000000000000        62.469412868040209        6.2469415835178108E-002
   39.000000000000000        74.813466413615146        7.4813469967064117E-002
   40.000000000000000        86.579658929313879        8.6579663041627009E-002
   41.000000000000000        97.306156136973357        9.7306160758767773E-002
   42.000000000000000        106.63814790577298       0.10663815297081322     
   43.000000000000000        114.32117657663825       0.11432118200660277     
   44.000000000000000        120.19311614794161       0.12019312185680829     
   45.000000000000000        124.17508306452488       0.12417508896252484     
   46.000000000000000        126.26157311673410       0.12626157911383701     
   47.000000000000000        126.51011938383530       0.12651012539274353     
   48.000000000000000        125.03075563808723       0.12503076157672946     
   49.000000000000000        121.97555033218313       0.12197555612571090     
   50.000000000000000        117.52845022754144       0.11752845580984328     
   51.000000000000000        111.89564174078336       0.11189564705554116     
   52.000000000000000        105.29660390011928       0.10529660890143959     
   53.000000000000000        97.955990964042854        9.7955995616702762E-002
   54.000000000000000        90.096446642778261        9.0096450922129853E-002
   55.000000000000000        81.932416676262804        8.1932420567843778E-002
   56.000000000000000        73.664993267302918        7.3664996766202348E-002
   57.000000000000000        65.477794355418965        6.5477797465447310E-002
   58.000000000000000        57.533853562074867        5.7533856294786273E-002
   59.000000000000000        49.973473270098324        4.9973475643710935E-002
   60.000000000000000        42.912973971488711        4.2912976009745606E-002
   61.000000000000000        36.444257819854080        3.6444259550863438E-002
   62.000000000000000        30.635093205234160        3.0635094660323006E-002
   63.000000000000000        25.530019956961418        2.5530021169572297E-002
   64.000000000000000        21.151771201211893        2.1151772205867118E-002
   65.000000000000000        17.503107602885272        1.7503108434238274E-002
   66.000000000000000        14.568962299127129        1.4568962991115706E-002
   67.000000000000000        12.318799841443457        1.2318800426555053E-002
   68.000000000000000        10.709099445848283        1.0709099954503212E-002
   69.000000000000000        9.6858813473098024        9.6858818073644794E-003
   70.000000000000000        9.1872046226323238        9.1872050590011273E-003
   71.000000000000000        9.1455750688861102        9.1455755032776170E-003
   72.000000000000000        9.4902122234943178        9.4902126742552103E-003
   73.000000000000000        10.149135051859206        1.0149135533917254E-002
   74.000000000000000        11.051035922103862        1.1051036446999903E-002
   75.000000000000000        12.126921997959013        1.2126922573956899E-002
   76.000000000000000        13.311511924874694        1.3311512557137584E-002
   77.000000000000000        14.544383525506369        1.4544384216327517E-002
   78.000000000000000        15.770875069955297        1.5770875819031669E-002
   79.000000000000000        16.942748497413792        1.6942749302151165E-002
   80.000000000000000        18.018627730966209        1.8018628586805103E-002
   81.000000000000000        18.964228970548231        1.8964229871300774E-002
   82.000000000000000        19.752402621654948        1.9752403559843729E-002
   83.000000000000000        20.363008391643433        2.0363009358834432E-002
   84.000000000000000        20.782646149281916        2.0782647136404639E-002
   85.000000000000000        21.004265494747848        2.1004266492396926E-002
   86.000000000000000        21.026676730235877        2.1026677728949433E-002
   87.000000000000000        20.853985160600487        2.0853986151111632E-002
   88.000000000000000        20.494969491473569        2.0494970464932386E-002
   89.000000000000000        19.962423626090672        1.9962424574254917E-002
   90.000000000000000        19.272479480875312        1.9272480396268967E-002
   91.000000000000000        18.443926623441058        1.8443927499480563E-002
   92.000000000000000        17.497542654294726        1.7497543485383408E-002
   93.000000000000000        16.455446363284679        1.6455447144876442E-002
   94.000000000000000        15.340483840737908        1.5340484569371792E-002
   95.000000000000000        14.175655947527602        1.4175656620835130E-002
   96.000000000000000        12.983593874263835        1.2983594490951452E-002
   97.000000000000000        11.786087964634028        1.1786088524443168E-002
   98.000000000000000        10.603673551060286        1.0603674054707754E-002
   99.000000000000000        9.4552762551665595        9.4552767042680834E-003
   100.00000000000000        8.3579180387896912        8.3579184357694958E-003
   101.00000000000000        7.3264842473097165        7.3264845952990456E-003
   102.00000000000000        6.3735509572626796        6.3735512599901057E-003
   103.00000000000000        5.5092711144878050        5.5092713761641411E-003
   104.00000000000000        4.7413172170650180        4.7413174422655012E-003
   105.00000000000000        4.0748776491380188        4.0748778426843218E-003
   106.00000000000000        3.5127031987119843        3.5127033655564335E-003
   107.00000000000000        3.0551997876757686        3.0551999327899718E-003
   108.00000000000000        2.7005630006329771        2.7005631289028368E-003
   109.00000000000000        2.4449496177669729        2.4449497338958483E-003
   110.00000000000000        2.2826810351281472        2.2826811435496786E-003
   111.00000000000000        2.2064731945299743        2.2064732993318276E-003
   112.00000000000000        2.2076874473681842        2.2076875522277113E-003
   113.00000000000000        2.2765966460050229        2.2765967541375611E-003
   114.00000000000000        2.4026606974470806        2.4026608115673398E-003
   115.00000000000000        2.5748058316207318        2.5748059539174467E-003
   116.00000000000000        2.7817019349761933        2.7817020670999454E-003
   117.00000000000000        3.0120324829045693        3.0120326259684355E-003
   118.00000000000000        3.2547518736403189        3.2547520282327374E-003
   119.00000000000000        3.4993253222660541        3.4993254884750882E-003
   120.00000000000000        3.7359469143411621        3.7359470917891187E-003
   121.00000000000000        3.9557319403858449        3.9557321282730302E-003
   122.00000000000000        4.1508802283263444        4.1508804254825763E-003
   123.00000000000000        4.3148078519039155        4.3148080568462914E-003
   124.00000000000000        4.4422453074239190        4.4422455184192494E-003
   125.00000000000000        4.5293010053393514        4.5293012204696056E-003
   126.00000000000000        4.5734897014163858        4.5734899186454904E-003
   127.00000000000000        4.5737262775438339        4.5737264947841747E-003
   128.00000000000000        4.5302860565665890        4.5302862717436308E-003
   129.00000000000000        4.4447335803467798        4.4447337914602968E-003
   130.00000000000000        4.3198224772243119        4.3198226824048697E-003
   131.00000000000000        4.1593696765304555        4.1593698740899146E-003
   132.00000000000000        3.9681077774896298        3.9681079659646358E-003
   133.00000000000000        3.7515198332823338        3.7515200114699642E-003
   134.00000000000000        3.5156611561666673        3.5156613231516120E-003
   135.00000000000000        3.2669729771054534        3.2669731322783435E-003
   136.00000000000000        3.0120928972078511        3.0120930402745870E-003
   137.00000000000000        2.7576670457514920        2.7576671767336482E-003
   138.00000000000000        2.5101687114117888        2.5101688306384050E-003
   139.00000000000000        2.2757279439400699        2.2757280520313470E-003
   140.00000000000000        2.0599762406924111        2.0599763385360324E-003
   141.00000000000000        1.8679099471342997        1.8679100358552614E-003
   142.00000000000000        1.7037754266504967        1.7037755075754871E-003
   143.00000000000000        1.5709784090814152        1.5709784836988856E-003
   144.00000000000000        1.4720192277783548        1.4720192976955164E-003
   145.00000000000000        1.4084549214400413        1.4084549883380602E-003
   146.00000000000000        1.3808884302030588        1.3808884957917397E-003
   147.00000000000000        1.3889843762465668        1.3889844422197845E-003
   148.00000000000000        1.4315102079422264        1.4315102759353128E-003
   149.00000000000000        1.5064008227004091        1.5064008942506089E-003
   150.00000000000000        1.6108441848931667        1.6108442614041600E-003
   151.00000000000000        1.7413849372192742        1.7413850199306205E-003
   152.00000000000000        1.8940425797123830        1.8940426696745782E-003
   153.00000000000000        2.0644404704797954        2.0644405685354560E-003
   154.00000000000000        2.2479416932474008        2.2479418000189021E-003
   155.00000000000000        2.4397877426291275        2.4397878585128269E-003
   156.00000000000000        2.6352359991493639        2.6352361243163576E-003
   157.00000000000000        2.8296920995493071        2.8296922339524698E-003
   158.00000000000000        3.0188335478022346        3.0188336911891340E-003
   159.00000000000000        3.1987212496617801        3.1987214015928868E-003
   160.00000000000000        3.3658960770259183        3.3658962368974033E-003
   161.00000000000000        3.5174580643028781        3.5174582313731713E-003
   162.00000000000000        3.6511263919715176        3.6511265653907158E-003
   163.00000000000000        3.7652789060442475        3.7652790848853989E-003
   164.00000000000000        3.8589705388212243        3.8589707221124894E-003
   165.00000000000000        3.9319306185728289        3.9319308053295116E-003
   166.00000000000000        3.9845396662484296        3.9845398555039086E-003
   167.00000000000000        4.0177868593327295        4.0177870501673651E-003
   168.00000000000000        4.0332098810465187        4.0332100726137082E-003
   169.00000000000000        4.0328193532236991        4.0328195447723401E-003
   170.00000000000000        4.0190104612530373        4.0190106521457913E-003
   171.00000000000000        3.9944647094271923        3.9944648991540850E-003
   172.00000000000000        3.9620449871971619        3.9620451753842011E-003
   173.00000000000000        3.9246872759490259        3.9246874623616685E-003
   174.00000000000000        3.8852923793004162        3.8852925638419018E-003
   175.00000000000000        3.8466210173964139        3.8466212001011086E-003
   176.00000000000000        3.8111954896012317        3.8111956706233037E-003
   177.00000000000000        3.7812108850465416        3.7812110646444214E-003
   178.00000000000000        3.7584585136491007        3.7584586921663009E-003
   179.00000000000000        3.7442638504036747        3.7442640282466647E-003
   180.00000000000000        3.7394408437250992        3.7394410213390087E-003
