           1   50.070591109612366     
           2   50.876029897309230     
           3   52.097674747713484     
           4   53.569700495331666     
           5   55.086239570892900     
           6   56.420168015860618     
           7   57.351886974251308     
           8   57.687784699714726     
           9   57.279092441164678     
          10   56.036127529877639     
          11   53.932125163008415     
          12   51.008846144769151     
          13   47.363165252056177     
          14   43.137862561721079     
          15   38.516448685603166     
          16   33.692684516607585     
          17   28.861603577993211     
          18   24.214111260150492     
          19   19.908543144794713     
          20   16.071315727763167     
          21   12.797577961712580     
          22   10.136199107617220     
          23   8.0991466552506921     
          24   6.6671180182779963     
          25   5.7880645714710504     
          26   5.3887815163644692     
          27   5.3814111060161416     
          28   5.6693612188595477     
          29   6.1554940986295517     
          30   6.7464342453470092     
          31   7.3591285945073972     
          32   7.9236472935737838     
          33   8.3844264383015599     
          34   8.7032760148520474     
          35   8.8579283157902822     
          36   8.8410168066700923     
          37   8.6587281125464166     
          38   8.3276832383384676     
          39   7.8731768870510432     
          40   7.3251800477720881     
          41   6.7159362350183311     
          42   6.0787821009782386     
          43   5.4439469196964190     
          44   4.8383154418645002     
          45   4.2836592646011953     
          46   3.7972178245831634     
          47   3.3895513069939689     
          48   3.0658361125959166     
          49   2.8266603616400809     
          50   2.6675667165449539     
          51   2.5806111099242623     
          52   2.5551836501129888     
          53   2.5786152511491114     
          54   2.6373253679550199     
          55   2.7174105388908547     
          56   2.8055876550559162     
          57   2.8897401210026361     
          58   2.9592578078103617     
          59   3.0057121526746791     
          60   3.0228956944921608     
          61   3.0069560837363527     
          62   2.9564317737381303     
          63   2.8719856498527898     
          64   2.7563818200127290     
          65   2.6138522403800972     
          66   2.4497733655630385     
          67   2.2705870514955286     
          68   2.0828017642750982     
          69   1.8928499093182620     
          70   1.7070844533076386     
          71   1.5308361555318344     
          72   1.3685555191835079     
          73   1.2239379939046535     
          74   1.0993077852406983     
          75  0.99595682372585270     
          76  0.91433351394919449     
          77  0.85378842749329531     
          78  0.81293329629644440     
          79  0.78980040104096716     
          80  0.78185344714626404     
          81  0.78624646498733086     
          82  0.79992284855761453     
          83  0.81977115382681398     
          84  0.84276188437680866     
          85  0.86600836173416118     
          86  0.88694999128062213     
          87  0.90339166607598909     
          88  0.91354566454061659     
          89  0.91613144333086460     
          90  0.91034557029557650     
          91  0.89588327246429889     
          92  0.87288754403011004     
          93  0.84188528510742622     
          94  0.80379394671436100     
          95  0.75973535821037363     
          96  0.71099048429795819     
          97  0.65901692104926168     
          98  0.60520562918199416     
          99  0.55089615560574823     
         100  0.49742406791455607     
         101  0.44589635917576742     
         102  0.39726581127255300     
         103  0.35239706679101035     
         104  0.31189516380295668     
         105  0.27620303111409106     
         106  0.24565869190000827     
         107  0.22038184327873847     
         108  0.20035950878202918     
         109  0.18547864609179432     
         110  0.17546997879353068     
         111  0.16996856360227011     
         112  0.16852598348140016     
         113  0.17060889460995071     
         114  0.17563643354471631     
         115  0.18298288265803822     
         116  0.19201654095878687     
         117  0.20211621868666635     
         118  0.21266890400398886     
         119  0.22312193276210296     
         120  0.23297917326428630     
         121  0.24179444211981341     
         122  0.24921223224714595     
         123  0.25495036165836510     
         124  0.25879399372209744     
         125  0.26061371241563114     
         126  0.26034790367968946     
         127  0.25800027127680458     
         128  0.25364141456366179     
         129  0.24739513093827384     
         130  0.23943144128794694     
         131  0.22997814441598657     
         132  0.21928529395560525     
         133  0.20762654582214340     
         134  0.19531200091683176     
         135  0.18263652218544227     
         136  0.16988694651538366     
         137  0.15735327117898529     
         138  0.14527410504359126     
         139  0.13385133761897972     
         140  0.12326320131809468     
         141  0.11362297488950082     
         142  0.10500278635781166     
         143   9.7451134305543419E-002
         144   9.0971005285714127E-002
         145   8.5546869471125692E-002
         146   8.1161237460980917E-002
         147   7.7785521889904091E-002
         148   7.5400102955958115E-002
         149   7.4002048016061306E-002
         150   7.3600994868382882E-002
         151   7.4227783317341575E-002
         152   7.5930826044902519E-002
         153   7.8776645103097162E-002
         154   8.2848873092595005E-002
         155   8.8234344639193829E-002
         156   9.5032099196593903E-002
         157  0.10334414853032477     
         158  0.11325063501857709     
         159  0.12483029689706589     
         160  0.13814140404772610     
         161  0.15318473679203298     
         162  0.16993929606424740     
         163  0.18833455254992315     
         164  0.20820718414657657     
         165  0.22936041479444191     
         166  0.25153611111848750     
         167  0.27437906575507759     
         168  0.29752442265681756     
         169  0.32057589652067608     
         170  0.34308416738156322     
         171  0.36464640125648168     
         172  0.38488310519915664     
         173  0.40342146679204577     
         174  0.41997605654389591     
         175  0.43431416989219512     
         176  0.44623583448090720     
         177  0.45561811225282500     
         178  0.46237571843012137     
         179  0.46644658393354932     
         180  0.44359612572933449     
