    0     0.000   -23.271807698  8250.383974206   133.702093281     0.000000000     0.000000000     0.000000011     0.607604836      0    -5.274310486      5       2.525      58.102 / 62.801
    1     0.329   -26.387392455  8250.417786375   133.628356887     0.000000004     0.200000000     0.021370199     0.365059323      6    -1.954817940      5      20.290     109.652 / 117.957
    2     0.829   -27.979421816  8250.489349783   133.590887964     0.010770425     0.382005339     0.033251833     0.165286764     15    -0.419104116      5      23.459     109.805 / 118.215
    3     1.329   -28.334981646  8250.504722047   133.582807518     0.016625916     0.082643382     0.032081352     0.083238122     20    -0.116800880      6      25.353     113.336 / 132.457
    4     1.829   -28.437034706  8250.455560919   133.580794515     0.032694125     0.123875276     0.027796723     0.045313287     26    -0.041144724      6      27.592     113.480 / 132.668
    5     2.329   -28.473952793  8250.348811394   133.580403631     0.046637301     0.145806287     0.023337808     0.026886013     33    -0.018225140      6      30.195     113.629 / 132.801
    6     2.829   -28.490779402  8250.196528018   133.580571348     0.058356953     0.158179853     0.019517193     0.017944072     40    -0.009954787      6      33.103     113.500 / 132.801
    7     3.329   -28.500276885  8250.010698642   133.580981844     0.068165694     0.165620965     0.016455472     0.013857743     47    -0.006470448      6      35.538     113.543 / 132.859
    8     3.829   -28.506666007  8249.801520954   133.581514478     0.076440465     0.170441863     0.014065055     0.012148289     54    -0.004793849      6      37.979     113.805 / 132.859
    9     4.329   -28.511549055  8249.577094869   133.582111087     0.083516656     0.173846639     0.012214743     0.011463347     61    -0.003887612      6      40.565     113.863 / 132.859
   10     4.829   -28.515608449  8249.343623035   133.582739105     0.089664947     0.176483226     0.010782000     0.011160161     68    -0.003342096      6      43.215     113.578 / 132.859
   11     5.329   -28.519162463  8249.105748259   133.583379004     0.095094901     0.178709219     0.009666107     0.010973881     75    -0.002978246      6      45.597     113.582 / 132.941
   12     5.829   -28.522370573  8248.866887957   133.584018830     0.099965570     0.180725321     0.008788426     0.010805592     82    -0.002711596      6      48.027     113.625 / 132.941
   13     6.329   -28.525317799  8248.629520514   133.584651282     0.104396477     0.182644842     0.008089041     0.010622547     89    -0.002500059      6      50.659     113.508 / 132.941
   14     6.829   -28.528052391  8248.395415484   133.585271961     0.108477004     0.184531159     0.007522884     0.010417256     96    -0.002321815      6      53.205     114.125 / 132.941
   15     7.329   -28.530603743  8248.165812675   133.585878292     0.112273876     0.186418524     0.007056323     0.010191328    103    -0.002165188      6      55.877     113.609 / 132.961
   16     7.829   -28.532991283  8247.941558910   133.586468832     0.115836921     0.188323982     0.006664377     0.009949145    110    -0.002023742      6      58.604     113.641 / 132.961
   17     8.329   -28.535229020  8247.723211220   133.587042848     0.119203441     0.190254350     0.006328560     0.009695422    117    -0.001893813      6      61.178     114.340 / 132.961
   18     8.829   -28.537327909  8247.511114115   133.587600048     0.122401471     0.192210408     0.006035227     0.009434351    124    -0.001773232      6      63.883     113.695 / 132.961
   19     9.329   -28.539297112  8247.305457108   133.588140409     0.125452219     0.194189452     0.005774318     0.009169369    131    -0.001660648      6      66.482     113.980 / 132.969
   20     9.829   -28.541144666  8247.106317352   133.588664083     0.128371863     0.196186868     0.005538429     0.008903176    138    -0.001555163      6      69.098     113.781 / 132.969
   21    10.329   -28.542877851  8246.913691152   133.589171323     0.131172882     0.198197109     0.005322109     0.008637840    145    -0.001456141      6      71.892     113.504 / 133.000
   22    10.829   -28.544503397  8246.727517167   133.589662450     0.133865037     0.200214301     0.005121347     0.008374916    152    -0.001363095      6      74.450     113.887 / 133.039
   23    11.329   -28.546027593  8246.547693470   133.590137822     0.136456086     0.202232613     0.004933185     0.008115552    159    -0.001275629      6      77.084     113.695 / 133.039
   24    11.829   -28.547456360  8246.374090059   133.590597821     0.138952317     0.204246480     0.004755439     0.007860587    166    -0.001193405      6      79.600     113.766 / 133.113
   25    12.329   -28.548795288  8246.206558003   133.591042841     0.141358927     0.206250723     0.004586491     0.007610619    173    -0.001116119      6      82.076     113.750 / 133.113
   26    12.829   -28.549984360  8246.045738404   133.591020340     0.002293245     0.003805309     0.004416993     0.007370049    176    -0.001044245      7      83.062     120.930 / 139.969
   27    13.329   -28.551096922  8245.890449945   133.590999244     0.004501741     0.007490302     0.004256698     0.007136694    180    -0.000976747      7      84.469     120.809 / 140.066
   28    13.829   -28.552137695  8245.740555807   133.590979480     0.006630089     0.011058595     0.004104419     0.006909007    184    -0.000913365      7      85.925     120.539 / 140.066
   29    14.329   -28.553110992  8245.595910261   133.590960975     0.008682299     0.014513033     0.003959175     0.006686689    188    -0.000853863      7      87.390     121.148 / 140.070
   30    14.829   -28.554020914  8245.456362268   133.590943661     0.010661886     0.017856305     0.003820167     0.006469771    192    -0.000798018      7      88.976     120.848 / 140.141
   31    15.329   -28.554871334  8245.321758106   133.590927468     0.012571969     0.021091115     0.003686764     0.006258341    196    -0.000745623      7      91.038     120.488 / 140.141
   32    15.829   -28.555665914  8245.191943357   133.590912332     0.014415351     0.024220207     0.003558465     0.006052464    200    -0.000696480      7      92.808     121.016 / 140.141
   33    16.329   -28.556408111  8245.066764362   133.590898190     0.016194583     0.027246360     0.003434871     0.005852168    204    -0.000650404      7      94.266     120.977 / 140.184
   34    16.829   -28.557101188  8244.946069277   133.590884981     0.017912017     0.030172364     0.003315665     0.005657445    208    -0.000607220      7      95.753     121.012 / 140.250
   35    17.329   -28.557748225  8244.829708830   133.590872649     0.019569849     0.033001007     0.003200589     0.005468260    212    -0.000566761      7      97.289     120.746 / 140.250
   36    17.829   -28.558352127  8244.717536849   133.590861139     0.021170143     0.035735056     0.003089430     0.005284555    216    -0.000528868      7      99.056     121.094 / 140.250
   37    18.329   -28.558915560  8244.609410699   133.590850400     0.022714856     0.038377253     0.002982013     0.005106257    221    -0.000493392      7     101.239     121.031 / 140.250
   38    18.829   -28.559441220  8244.505191195   133.590840383     0.024205861     0.040930300     0.002878173     0.004933276    226    -0.000460190      7     103.326     121.121 / 140.281
   39    19.329   -28.559931480  8244.404743259   133.590831042     0.025644946     0.043396857     0.002777780     0.004765517    231    -0.000429126      7     105.333     121.137 / 140.551
   40    19.829   -28.560388621  8244.307935644   133.590822334     0.027033834     0.045779535     0.002680709     0.004602877    236    -0.000400072      7     107.320     120.996 / 140.551
   41    20.329   -28.560814788  8244.214641050   133.590814218     0.028374187     0.048080892     0.002586848     0.004445249    241    -0.000372908      7     109.196     120.973 / 140.551
   42    20.829   -28.561211996  8244.124736109   133.590806656     0.029667609     0.050303436     0.002496095     0.004292522    246    -0.000347518      7     111.021     121.031 / 140.551
   43    21.329   -28.561582140  8244.038101354   133.590799612     0.030915654     0.052449615     0.002408350     0.004144581    251    -0.000323794      7     113.105     121.270 / 140.551
   44    21.829   -28.561926995  8243.954621157   133.590793051     0.032119826     0.054521825     0.002323521     0.004001314    256    -0.000301633      7     114.985     121.207 / 140.551
   45    22.329   -28.562248228  8243.874183658   133.590786943     0.033281584     0.056522401     0.002241519     0.003862603    261    -0.000280937      7     116.802     121.547 / 140.551
   46    22.829   -28.562547404  8243.796680687   133.590781258     0.034402341     0.058453622     0.002162258     0.003728336    266    -0.000261615      7     118.892     121.430 / 140.551
   47    23.329   -28.562825988  8243.722007674   133.590775966     0.035483467     0.060317710     0.002085655     0.003598395    271    -0.000243581      7     120.769     121.570 / 140.551
   48    23.829   -28.563085352  8243.650063563   133.590771043     0.036526291     0.062116827     0.002011631     0.003472666    276    -0.000226753      7     122.698     121.078 / 140.551
   49    24.329   -28.563326785  8243.580750708   133.590766463     0.037532104     0.063853081     0.001940106     0.003351038    281    -0.000211055      7     124.529     121.207 / 140.551
   50    24.829   -28.563551488  8243.513974788   133.590762204     0.038502154     0.065528521     0.001871005     0.003233396    286    -0.000196413      7     126.449     121.184 / 140.551
   51    25.329   -28.563760591  8243.449644706   133.590758243     0.039437653     0.067145141     0.001804254     0.003119630    291    -0.000182760      7     128.406     121.094 / 140.551
   52    25.829   -28.563955147  8243.387672493   133.590754560     0.040339777     0.068704878     0.001739780     0.003009631    296    -0.000170032      7     130.315     121.684 / 140.551
   53    26.329   -28.564136143  8243.327973217   133.590751138     0.041209664     0.070209617     0.001677514     0.002903291    301    -0.000158169      7     132.242     121.082 / 140.551
   54    26.829   -28.564304501  8243.270464887   133.590747957     0.042048418     0.071661187     0.001617385     0.002800505    306    -0.000147114      7     134.118     120.887 / 140.551
   55    27.329   -28.564461081  8243.215068362   133.590745002     0.042857107     0.073061365     0.001559328     0.002701168    311    -0.000136814      7     136.012     121.516 / 140.551
   56    27.829   -28.564606690  8243.161707261   133.590742257     0.043636768     0.074411875     0.001503276     0.002605178    316    -0.000127220      7     137.895     121.422 / 140.551
   57    28.329   -28.564742080  8243.110307876   133.590739707     0.044388403     0.075714391     0.001449167     0.002512435    321    -0.000118285      7     139.861     121.148 / 140.586
   58    28.829   -28.564867952  8243.060799085   133.590737339     0.045112983     0.076970537     0.001396937     0.002422842    326    -0.000109964      7     141.684     121.742 / 140.586
   59    29.329   -28.564984963  8243.013112269   133.590735141     0.045811449     0.078181887     0.001346527     0.002336301    331    -0.000102218      7     143.571     121.277 / 140.586
   60    29.829   -28.565093724  8242.967181226   133.590733100     0.046484709     0.079349968     0.001297878     0.002252720    336    -0.000095007      7     145.500     121.680 / 140.586
   61    30.329   -28.565194805  8242.922942098   133.590731206     0.047133645     0.080476259     0.001250932     0.002172006    341    -0.000088296      7     147.413     121.359 / 140.699
   62    30.829   -28.565288740  8242.880333289   133.590729449     0.047759109     0.081562195     0.001205634     0.002094071    346    -0.000082051      7     149.276     121.422 / 140.699
   63    31.329   -28.565376025  8242.839295389   133.590727818     0.048361923     0.082609165     0.001161930     0.002018826    351    -0.000076241      7     151.490     121.309 / 140.699
   64    31.829   -28.565457123  8242.799771104   133.590726306     0.048942885     0.083618513     0.001119766     0.001946187    356    -0.000070835      7     153.450     121.582 / 140.699
   65    32.329   -28.565532465  8242.761705180   133.590724903     0.049502765     0.084591543     0.001079092     0.001876070    361    -0.000065807      7     155.441     121.379 / 140.699
   66    32.829   -28.565602453  8242.725044340   133.590723602     0.050042308     0.085529516     0.001039858     0.001808394    366    -0.000061130      7     157.210     121.719 / 140.699
   67    33.329   -28.565667463  8242.689737211   133.590722396     0.050562234     0.086433652     0.001002016     0.001743080    371    -0.000056782      7     159.167     121.496 / 140.699
   68    33.829   -28.565727843  8242.655734261   133.590721278     0.051063239     0.087305133     0.000965518     0.001680052    376    -0.000052738      7     161.044     121.430 / 140.699
   69    34.329   -28.565783919  8242.622987738   133.590720242     0.051545996     0.088145101     0.000930320     0.001619236    381    -0.000048979      7     163.206     121.117 / 140.773
   70    34.829   -28.565835993  8242.591451605   133.590719282     0.052011153     0.088954662     0.000896378     0.001560557    386    -0.000045484      7     165.129     121.535 / 140.773
   71    35.329   -28.565884347  8242.561081484   133.590718393     0.052459339     0.089734885     0.000863648     0.001503946    391    -0.000042236      7     167.135     122.113 / 140.773
   72    35.829   -28.565929244  8242.531834596   133.590717569     0.052891161     0.090486805     0.000832089     0.001449334    396    -0.000039217      7     168.901     121.328 / 140.773
   73    36.329   -28.565970928  8242.503669708   133.590716805     0.053307203     0.091211419     0.000801661     0.001396655    401    -0.000036411      7     170.912     121.059 / 140.773
   74    36.829   -28.566009626  8242.476547076   133.590716099     0.053708031     0.091909695     0.000772325     0.001345844    406    -0.000033804      7     172.696     121.383 / 140.773
   75    37.329   -28.566045549  8242.450428395   133.590715445     0.054094191     0.092582567     0.000744044     0.001296837    411    -0.000031382      7     174.613     121.594 / 140.773
   76    37.829   -28.566078895  8242.425276748   133.590714839     0.054466211     0.093230937     0.000716780     0.001249574    416    -0.000029131      7     176.504     121.348 / 140.773
   77    38.329   -28.566109847  8242.401056558   133.590714279     0.054824599     0.093855677     0.000690499     0.001203996    421    -0.000027041      7     178.339     121.988 / 140.816
   78    38.829   -28.566138574  8242.377733538   133.590713760     0.055169846     0.094457629     0.000665167     0.001160046    426    -0.000025099      7     180.359     121.496 / 140.816
   79    39.329   -28.566165235  8242.355274651   133.590713280     0.055502427     0.095037607     0.000640749     0.001117668    431    -0.000023295      7     182.188     122.055 / 140.816
   80    39.829   -28.566189977  8242.333648058   133.590712837     0.055822800     0.095596397     0.000617215     0.001076807    436    -0.000021620      7     183.836     121.594 / 140.816
   81    40.329   -28.566212937  8242.312823083   133.590712426     0.056131405     0.096134758     0.000594533     0.001037413    441    -0.000020064      7     185.673     121.984 / 140.824
   82    40.829   -28.566234243  8242.292770166   133.590712047     0.056428670     0.096653423     0.000572673     0.000999433    446    -0.000018620      7     187.538     121.656 / 140.824
   83    41.329   -28.566254012  8242.273460826   133.590711696     0.056715004     0.097153100     0.000551607     0.000962820    451    -0.000017278      7     189.363     121.484 / 140.879
   84    41.829   -28.566272354  8242.254867625   133.590711372     0.056990806     0.097634472     0.000531305     0.000927526    456    -0.000016033      7     191.195     121.578 / 140.879
   85    42.329   -28.566289372  8242.236964122   133.590711073     0.057256457     0.098098197     0.000511742     0.000893506    461    -0.000014877      7     193.120     122.070 / 140.879
   86    42.829   -28.566305160  8242.219724849   133.590710797     0.057512326     0.098544914     0.000492891     0.000860713    466    -0.000013803      7     195.134     121.898 / 140.879
   87    43.329   -28.566319807  8242.203125267   133.590710541     0.057758770     0.098975235     0.000474727     0.000829107    471    -0.000012807      7     197.031     121.566 / 140.879
   88    43.829   -28.566333395  8242.187141735   133.590710305     0.057996131     0.099389754     0.000457224     0.000798644    476    -0.000011882      7     198.865     121.473 / 140.879
   89    44.329   -28.566345999  8242.171751481   133.590710088     0.058224742     0.099789042     0.000440360     0.000769285    481    -0.000011023      7     200.745     121.598 / 140.879
   90    44.829   -28.566357690  8242.156932566   133.590709887     0.058444920     0.100173653     0.000424113     0.000740992    486    -0.000010226      7     202.687     121.598 / 140.879
   91    45.329   -28.566368534  8242.142663857   133.590709702     0.058656975     0.100544117     0.000408458     0.000713725    491    -0.000009486      7     204.705     121.391 / 140.879
   92    45.829   -28.566378592  8242.128924998   133.590709531     0.058861203     0.100900950     0.000393377     0.000687450    496    -0.000008800      7     206.552     121.898 / 140.879
   93    46.329   -28.566387921  8242.115696379   133.590709374     0.059057890     0.101244645     0.000378847     0.000662131    501    -0.000008163      7     208.462     121.734 / 140.879
   94    46.829   -28.566396572  8242.102959111   133.590709229     0.059247312     0.101575682     0.000364849     0.000637733    506    -0.000007572      7     210.398     121.887 / 140.922
   95    47.329   -28.566404596  8242.090695002   133.590709095     0.059429735     0.101894522     0.000351364     0.000614225    511    -0.000007023      7     212.416     121.605 / 140.922
   96    47.829   -28.566412037  8242.078886526   133.590708972     0.059605416     0.102201608     0.000338374     0.000591574    516    -0.000006514      7     214.478     121.426 / 140.922
   97    48.329   -28.566418937  8242.067516806   133.590708858     0.059774602     0.102497369     0.000325861     0.000569750    521    -0.000006042      7     216.564     121.762 / 140.941
   98    48.829   -28.566425336  8242.056569583   133.590708754     0.059937531     0.102782219     0.000313806     0.000548724    526    -0.000005604      7     218.499     121.711 / 141.012
   99    49.329   -28.566431269  8242.046029200   133.590708658     0.060094432     0.103056557     0.000302195     0.000528466    531    -0.000005198      7     220.633     122.000 / 141.012
  100    49.829   -28.566436771  8242.035880575   133.590708570     0.060245529     0.103320767     0.000291010     0.000508949    536    -0.000004820      7     222.506     121.918 / 141.020
  101    50.329   -28.566441872  8242.026109183   133.590708489     0.060391033     0.103575219     0.000280236     0.000490147    541    -0.000004471      7     224.375     121.695 / 141.020
  102    50.829   -28.566446601  8242.016701037   133.590708414     0.060531150     0.103820271     0.000269859     0.000472034    546    -0.000004146      7     226.239     122.254 / 141.020
  103    51.329   -28.566450987  8242.007642662   133.590708346     0.060666078     0.104056267     0.000259864     0.000454585    551    -0.000003845      7     228.089     121.867 / 141.020
  104    51.829   -28.566455052  8241.998921084   133.590708283     0.060796009     0.104283539     0.000250237     0.000437775    556    -0.000003566      7     229.907     121.738 / 141.020
  105    52.329   -28.566458821  8241.990523806   133.590708225     0.060921127     0.104502407     0.000240964     0.000421583    561    -0.000003307      7     231.903     121.805 / 141.020
  106    52.829   -28.566462316  8241.982438795   133.590708172     0.061041608     0.104713179     0.000232034     0.000405985    566    -0.000003066      7     233.890     121.887 / 141.039
  107    53.329   -28.566465555  8241.974654461   133.590708124     0.061157624     0.104916154     0.000223432     0.000390961    571    -0.000002843      7     235.961     121.543 / 141.039
  108    53.829   -28.566468558  8241.967159643   133.590708080     0.061269339     0.105111616     0.000215148     0.000376488    576    -0.000002637      7     237.932     121.699 / 141.051
  109    54.329   -28.566471341  8241.959943593   133.590708039     0.061376912     0.105299843     0.000207169     0.000362548    581    -0.000002445      7     239.838     122.234 / 141.051
  110    54.829   -28.566473922  8241.952995960   133.590708002     0.061480496     0.105481101     0.000199485     0.000349122    586    -0.000002267      7     241.709     122.176 / 141.051
  111    55.329   -28.566476313  8241.946306775   133.590707968     0.061580238     0.105655646     0.000192085     0.000336189    591    -0.000002102      7     243.695     122.316 / 141.051
  112    55.829   -28.566478530  8241.939866442   133.590707937     0.061676280     0.105823725     0.000184958     0.000323733    596    -0.000001949      7     245.610     121.723 / 141.059
  113    56.329   -28.566480585  8241.933665715   133.590707909     0.061768758     0.105985576     0.000178095     0.000311735    601    -0.000001807      7     247.659     122.355 / 141.059
  114    56.829   -28.566482490  8241.927695694   133.590707883     0.061857805     0.106141430     0.000171485     0.000300180    606    -0.000001676      7     249.581     122.398 / 141.125
  115    57.329   -28.566484255  8241.921947808   133.590707860     0.061943547     0.106291506     0.000165119     0.000289051    611    -0.000001554      7     251.341     121.676 / 141.176
  116    57.829   -28.566485891  8241.916413802   133.590707838     0.062026105     0.106436018     0.000158989     0.000278333    616    -0.000001441      7     253.110     122.312 / 141.176
  117    58.329   -28.566487407  8241.911085729   133.590707819     0.062105599     0.106575172     0.000153086     0.000268010    621    -0.000001336      7     254.925     122.289 / 141.176
  118    58.829   -28.566488812  8241.905955936   133.590707802     0.062182142     0.106709165     0.000147401     0.000258069    626    -0.000001238      7     256.841     122.047 / 141.176
  119    59.329   -28.566490114  8241.901017051   133.590707786     0.062255842     0.106838187     0.000141927     0.000248494    631    -0.000001148      7     258.870     122.059 / 141.176
  120    59.829   -28.566491320  8241.896261980   133.590707771     0.062326804     0.106962423     0.000136655     0.000239274    636    -0.000001064      7     260.798     121.891 / 141.176
  121    60.329   -28.566492438  8241.891683889   133.590707758     0.062395131     0.107082049     0.000131578     0.000230394    641    -0.000000987      7     262.533     121.707 / 141.176
  122    60.829   -28.566493474  8241.887276197   133.590707747     0.062460920     0.107197235     0.000126690     0.000221842    646    -0.000000915      7     264.458     121.969 / 141.312
  123    61.329   -28.566494434  8241.883032569   133.590707736     0.062524264     0.107308145     0.000121982     0.000213607    651    -0.000000848      7     266.286     122.117 / 141.312
  124    61.829   -28.566495324  8241.878946905   133.590707727     0.062585254     0.107414939     0.000117449     0.000205676    656    -0.000000786      7     268.334     121.664 / 141.312
  125    62.329   -28.566496148  8241.875013330   133.590707718     0.062643979     0.107517767     0.000113084     0.000198039    661    -0.000000729      7     270.368     121.875 / 141.312
  126    62.829   -28.566496911  8241.871226189   133.590707711     0.062700520     0.107616777     0.000108881     0.000190684    666    -0.000000676      7     272.645     121.949 / 141.312
  127    63.329   -28.566497619  8241.867580034   133.590707704     0.062754960     0.107712110     0.000104834     0.000183601    671    -0.000000627      7     274.642     121.969 / 141.352
  128    63.829   -28.566498274  8241.864069621   133.590707698     0.062807377     0.107803902     0.000100937     0.000176781    676    -0.000000581      7     276.503     121.988 / 141.352
  129    64.329   -28.566498881  8241.860689902   133.590707693     0.062857845     0.107892284     0.000097184     0.000170214    681    -0.000000539      7     278.336     122.105 / 141.352
  130    64.829   -28.566499444  8241.857436015   133.590707688     0.062906437     0.107977383     0.000093571     0.000163889    686    -0.000000499      7     280.208     122.051 / 141.352
  131    65.329   -28.566499965  8241.854303278   133.590707684     0.062953221     0.108059320     0.000090091     0.000157799    691    -0.000000463      7     281.984     122.020 / 141.352
  132    65.829   -28.566500447  8241.851287183   133.590707680     0.062998267     0.108138212     0.000086741     0.000151935    696    -0.000000429      7     283.871     121.984 / 141.352
  133    66.329   -28.566500894  8241.848383392   133.590707677     0.063041637     0.108214172     0.000083515     0.000146288    701    -0.000000398      7     285.795     122.008 / 141.352
  134    66.829   -28.566501308  8241.845587725   133.590707675     0.063083394     0.108287309     0.000080409     0.000140851    706    -0.000000369      7     287.850     122.242 / 141.352
  135    67.329   -28.566501692  8241.842896159   133.590707672     0.063123598     0.108357728     0.000077418     0.000135615    711    -0.000000342      7     289.643     122.086 / 141.352
  136    67.829   -28.566502047  8241.840304820   133.590707671     0.063162307     0.108425529     0.000074538     0.000130573    716    -0.000000317      7     291.480     122.016 / 141.352
  137    68.329   -28.566502376  8241.837809978   133.590707669     0.063199576     0.108490809     0.000071766     0.000125718    721    -0.000000294      7     293.404     122.230 / 141.352
  138    68.829   -28.566502680  8241.835408043   133.590707668     0.063235458     0.108553662     0.000069096     0.000121044    726    -0.000000272      7     295.130     122.125 / 141.352
  139    69.329   -28.566502962  8241.833095555   133.590707667     0.063270006     0.108614178     0.000066525     0.000116543    731    -0.000000252      7     297.176     122.098 / 141.352
  140    69.829   -28.566503224  8241.830869186   133.590707666     0.063303268     0.108672444     0.000064050     0.000112209    736    -0.000000234      7     299.184     122.246 / 141.434
  141    70.329   -28.566503466  8241.828725731   133.590707665     0.063335293     0.108728543     0.000061667     0.000108035    741    -0.000000217      7     301.075     122.168 / 141.434
  142    70.829   -28.566503689  8241.826662103   133.590707665     0.063366126     0.108782555     0.000059372     0.000104017    746    -0.000000201      7     302.838     122.117 / 141.434
  143    71.329   -28.566503897  8241.824675330   133.590707665     0.063395812     0.108834559     0.000057163     0.000100148    751    -0.000000186      7     304.870     122.215 / 141.434
  144    71.829   -28.566504089  8241.822762552   133.590707665     0.063424393     0.108884628     0.000055035     0.000096423    756    -0.000000173      7     306.496     122.152 / 141.434
  145    72.329   -28.566504266  8241.820921015   133.590707665     0.063451910     0.108932835     0.000052987     0.000092836    761    -0.000000160      7     308.161     122.188 / 141.434
  146    72.829   -28.566504431  8241.819148065   133.590707665     0.063478404     0.108979248     0.000051015     0.000089382    766    -0.000000148      7     310.407     122.223 / 141.434
  147    73.329   -28.566504583  8241.817441150   133.590707666     0.063503911     0.109023935     0.000049116     0.000086056    771    -0.000000138      7     312.397     122.266 / 141.473
  148    73.829   -28.566504724  8241.815797811   133.590707666     0.063528469     0.109066959     0.000047288     0.000082854    776    -0.000000128      7     314.338     122.324 / 141.473
  149    74.329   -28.566504854  8241.814215681   133.590707667     0.063552113     0.109108382     0.000045528     0.000079771    781    -0.000000118      7     316.305     122.254 / 141.473
  150    74.829   -28.566504975  8241.812692481   133.590707667     0.063574877     0.109148264     0.000043833     0.000076803    786    -0.000000110      7     318.304     122.363 / 141.473
  151    75.329   -28.566505087  8241.811226017   133.590707668     0.063596794     0.109186662     0.000042202     0.000073945    791    -0.000000102      7     320.117     122.262 / 141.473
  152    75.829   -28.566505190  8241.809814176   133.590707669     0.063617894     0.109223631     0.000040631     0.000071193    796    -0.000000094      7     322.146     122.617 / 141.551
  153    76.329   -28.566505286  8241.808454925   133.590707670     0.063638209     0.109259224     0.000039118     0.000068543    801    -0.000000087      7     323.979     122.242 / 141.578
  154    76.829   -28.566505374  8241.807146304   133.590707670     0.063657768     0.109293492     0.000037662     0.000065992    806    -0.000000081      7     325.949     122.246 / 141.605
  155    77.329   -28.566505456  8241.805886429   133.590707671     0.063676599     0.109326485     0.000036260     0.000063536    811    -0.000000075      7     327.777     122.230 / 141.605
  156    77.829   -28.566505532  8241.804673485   133.590707672     0.063694728     0.109358250     0.000034910     0.000061171    816    -0.000000070      7     329.769     122.379 / 141.605
  157    78.329   -28.566505602  8241.803505723   133.590707673     0.063712183     0.109388833     0.000033610     0.000058894    821    -0.000000064      7     332.134     122.324 / 141.605
  158    78.829   -28.566505667  8241.802381462   133.590707674     0.063728988     0.109418277     0.000032358     0.000056702    826    -0.000000060      7     334.113     122.418 / 141.605
  159    79.329   -28.566505726  8241.801299081   133.590707675     0.063745167     0.109446625     0.000031154     0.000054591    831    -0.000000055      7     336.245     122.414 / 141.605
  160    79.829   -28.566505782  8241.800257020   133.590707676     0.063760744     0.109473918     0.000029994     0.000052559    836    -0.000000051      7     338.156     121.914 / 141.605
  161    80.329   -28.566505833  8241.799253778   133.590707677     0.063775740     0.109500195     0.000028877     0.000050602    841    -0.000000048      7     340.309     122.168 / 141.605
  162    80.829   -28.566505880  8241.798287909   133.590707678     0.063790178     0.109525493     0.000027801     0.000048718    846    -0.000000044      7     342.282     122.301 / 141.605
  163    81.329   -28.566505924  8241.797358022   133.590707679     0.063804079     0.109549850     0.000026766     0.000046904    851    -0.000000041      7     344.084     122.332 / 141.605
  164    81.829   -28.566505965  8241.796462776   133.590707680     0.063817462     0.109573300     0.000025769     0.000045158    856    -0.000000038      7     346.034     122.312 / 141.605
  165    82.329   -28.566506002  8241.795600880   133.590707681     0.063830346     0.109595877     0.000024810     0.000043477    861    -0.000000035      7     347.898     122.262 / 141.605
  166    82.829   -28.566506037  8241.794771093   133.590707682     0.063842751     0.109617613     0.000023886     0.000041858    866    -0.000000033      7     349.540     122.262 / 141.605
  167    83.329   -28.566506068  8241.793972219   133.590707683     0.063854694     0.109638540     0.000022996     0.000040299    871    -0.000000030      7     351.606     122.543 / 141.605
  168    83.829   -28.566506098  8241.793203107   133.590707684     0.063866192     0.109658688     0.000022140     0.000038799    876    -0.000000028      7     353.474     122.410 / 141.605
  169    84.329   -28.566506125  8241.792462647   133.590707685     0.063877262     0.109678085     0.000021315     0.000037354    881    -0.000000026      7     355.250     122.375 / 141.605
  170    84.829   -28.566506150  8241.791749773   133.590707686     0.063887919     0.109696760     0.000020521     0.000035963    886    -0.000000024      7     357.286     122.617 / 141.605
  171    85.329   -28.566506174  8241.791063457   133.590707687     0.063898180     0.109714740     0.000019757     0.000034624    891    -0.000000022      7     359.087     122.422 / 141.605
  172    85.829   -28.566506195  8241.790402710   133.590707687     0.063908058     0.109732050     0.000019021     0.000033334    896    -0.000000021      7     361.094     122.402 / 141.605
  173    86.329   -28.566506215  8241.789766579   133.590707688     0.063917569     0.109748716     0.000018313     0.000032093    901    -0.000000019      7     363.032     122.395 / 141.605
  174    86.829   -28.566506233  8241.789154147   133.590707689     0.063926725     0.109764761     0.000017631     0.000030898    906    -0.000000018      7     364.781     122.414 / 141.605
  175    87.329   -28.566506250  8241.788564533   133.590707690     0.063935540     0.109780208     0.000016974     0.000029747    911    -0.000000016      7     366.676     122.086 / 141.605
  176    87.829   -28.566506265  8241.787996884   133.590707691     0.063944027     0.109795080     0.000016342     0.000028639    916    -0.000000015      7     368.681     122.586 / 141.637
  177    88.329   -28.566506280  8241.787450385   133.590707692     0.063952198     0.109809398     0.000015733     0.000027573    921    -0.000000014      7     370.925     122.078 / 141.848
  178    88.829   -28.566506293  8241.786924246   133.590707692     0.063960065     0.109823183     0.000015147     0.000026546    926    -0.000000013      7     372.768     122.496 / 141.848
  179    89.329   -28.566506305  8241.786417709   133.590707693     0.063967638     0.109836455     0.000014583     0.000025557    931    -0.000000012      7     375.051     122.441 / 141.848
  180    89.829   -28.566506317  8241.785930044   133.590707694     0.063974929     0.109849232     0.000014040     0.000024605    936    -0.000000011      7     377.033     122.508 / 141.848
  181    90.329   -28.566506327  8241.785460548   133.590707695     0.063981949     0.109861534     0.000013517     0.000023689    941    -0.000000010      7     379.259     122.410 / 141.848
  182    90.829   -28.566506336  8241.785008543   133.590707695     0.063988707     0.109873377     0.000013013     0.000022806    946    -0.000000010      7     381.205     122.312 / 141.848
  183    91.329   -28.566506345  8241.784573380   133.590707696     0.063995214     0.109884779     0.000012528     0.000021957    951    -0.000000009      7     383.118     122.594 / 141.848
  184    91.829   -28.566506353  8241.784154429   133.590707697     0.064001478     0.109895756     0.000012062     0.000021139    956    -0.000000008      7     385.060     122.562 / 141.969
  185    92.329   -28.566506361  8241.783751088   133.590707697     0.064007509     0.109906325     0.000011612     0.000020352    961    -0.000000008      7     387.014     122.957 / 141.969
  186    92.829   -28.566506368  8241.783362774   133.590707698     0.064013315     0.109916500     0.000011180     0.000019594    966    -0.000000007      7     388.829     122.887 / 141.969
  187    93.329   -28.566506374  8241.782988927   133.590707699     0.064018905     0.109926295     0.000010763     0.000018864    971    -0.000000007      7     391.411     122.305 / 141.969
  188    93.829   -28.566506380  8241.782629010   133.590707699     0.064024287     0.109935726     0.000010362     0.000018161    976    -0.000000006      7     393.404     122.516 / 141.969
  189    94.329   -28.566506385  8241.782282502   133.590707700     0.064029468     0.109944806     0.000009976     0.000017485    981    -0.000000006      7     395.465     122.473 / 141.969
  190    94.829   -28.566506390  8241.781948904   133.590707700     0.064034456     0.109953548     0.000009605     0.000016833    986    -0.000000005      7     397.392     122.277 / 141.969
  191    95.329   -28.566506394  8241.781627736   133.590707701     0.064039258     0.109961963     0.000009247     0.000016206    991    -0.000000005      7     399.193     122.633 / 141.969
  192    95.829   -28.566506399  8241.781318534   133.590707701     0.064043882     0.109970066     0.000008902     0.000015603    996    -0.000000005      7     401.094     122.445 / 141.969
  193    96.329   -28.566506402  8241.781020853   133.590707702     0.064048333     0.109977866     0.000008571     0.000015021   1001    -0.000000004      7     402.849     122.805 / 141.969
  194    96.829   -28.566506406  8241.780734262   133.590707702     0.064052618     0.109985376     0.000008251     0.000014462   1006    -0.000000004      7     404.773     122.609 / 141.969
  195    97.329   -28.566506409  8241.780458350   133.590707703     0.064056744     0.109992606     0.000007944     0.000013923   1011    -0.000000004      7     406.684     122.320 / 141.969
  196    97.829   -28.566506412  8241.780192717   133.590707703     0.064060716     0.109999567     0.000007648     0.000013404   1016    -0.000000003      7     408.678     122.738 / 141.969
  197    98.329   -28.566506415  8241.779936982   133.590707704     0.064064540     0.110006269     0.000007363     0.000012905   1021    -0.000000003      7     410.488     122.688 / 141.969
  198    98.829   -28.566506417  8241.779690776   133.590707704     0.064068221     0.110012721     0.000007089     0.000012424   1026    -0.000000003      7     412.267     122.395 / 141.969
  199    99.329   -28.566506419  8241.779453742   133.590707705     0.064071766     0.110018932     0.000006825     0.000011961   1031    -0.000000003      7     414.213     122.613 / 141.969
  200    99.829   -28.566506421  8241.779225541   133.590707705     0.064075178     0.110024912     0.000006571     0.000011516   1036    -0.000000002      7     416.214     122.691 / 141.969
  201   100.329   -28.566506423  8241.779005842   133.590707705     0.064078463     0.110030670     0.000006326     0.000011087   1041    -0.000000002      7     418.203     122.625 / 141.969
  202   100.829   -28.566506425  8241.778794328   133.590707706     0.064081626     0.110036212     0.000006090     0.000010674   1046    -0.000000002      7     420.198     122.785 / 141.969
  203   101.329   -28.566506426  8241.778590696   133.590707706     0.064084671     0.110041549     0.000005863     0.000010276   1051    -0.000000002      7     422.081     122.945 / 141.969
  204   101.829   -28.566506428  8241.778394651   133.590707707     0.064087603     0.110046686     0.000005645     0.000009893   1056    -0.000000002      7     423.929     122.914 / 141.969
  205   102.329   -28.566506429  8241.778205910   133.590707707     0.064090425     0.110051632     0.000005434     0.000009525   1061    -0.000000002      7     425.794     122.824 / 142.043
  206   102.829   -28.566506430  8241.778024202   133.590707707     0.064093142     0.110056394     0.000005232     0.000009170   1066    -0.000000002      7     427.589     122.652 / 142.043
  207   103.329   -28.566506431  8241.777849264   133.590707708     0.064095758     0.110060979     0.000005037     0.000008828   1071    -0.000000001      7     429.424     122.820 / 142.062
  208   103.829   -28.566506432  8241.777680844   133.590707708     0.064098277     0.110065392     0.000004849     0.000008499   1076    -0.000000001      7     431.495     122.602 / 142.062
  209   104.329   -28.566506433  8241.777518700   133.590707708     0.064100701     0.110069642     0.000004669     0.000008183   1081    -0.000000001      7     433.566     122.523 / 142.062
  210   104.829   -28.566506434  8241.777362597   133.590707708     0.064103036     0.110073733     0.000004495     0.000007878   1086    -0.000000001      7     435.449     122.867 / 142.062
  211   105.329   -28.566506435  8241.777212310   133.590707709     0.064105283     0.110077671     0.000004327     0.000007584   1091    -0.000000001      7     437.283     122.719 / 142.086
  212   105.829   -28.566506435  8241.777067623   133.590707709     0.064107447     0.110081463     0.000004166     0.000007302   1096    -0.000000001      7     439.310     123.000 / 142.156
  213   106.329   -28.566506436  8241.776928327   133.590707709     0.064109530     0.110085114     0.000004011     0.000007030   1101    -0.000000001      7     441.473     122.848 / 142.156
  214   106.829   -28.566506436  8241.776794222   133.590707710     0.064111535     0.110088628     0.000003861     0.000006768   1106    -0.000000001      7     443.448     122.836 / 142.156
  215   107.329   -28.566506437  8241.776665113   133.590707710     0.064113466     0.110092012     0.000003718     0.000006516   1111    -0.000000001      7     445.446     122.684 / 142.156
  216   107.829   -28.566506437  8241.776540814   133.590707710     0.064115324     0.110095269     0.000003579     0.000006273   1116    -0.000000001      7     447.321     122.836 / 142.156
  217   108.329   -28.566506438  8241.776421147   133.590707710     0.064117114     0.110098405     0.000003446     0.000006039   1121    -0.000000001      7     449.125     122.762 / 142.156
  218   108.829   -28.566506438  8241.776305939   133.590707710     0.064118837     0.110101425     0.000003317     0.000005814   1126    -0.000000001      7     451.514     122.879 / 142.156
  219   109.329   -28.566506438  8241.776195024   133.590707711     0.064120495     0.110104331     0.000003194     0.000005598   1131    -0.000000001      7     453.595     122.477 / 142.156
  220   109.829   -28.566506439  8241.776088241   133.590707711     0.064122092     0.110107130     0.000003075     0.000005389   1136    -0.000000001      7     455.603     122.914 / 142.156
  221   110.329   -28.566506439  8241.775985437   133.590707711     0.064123630     0.110109824     0.000002960     0.000005188   1141    -0.000000000      7     457.651     123.012 / 142.156
  222   110.829   -28.566506439  8241.775886463   133.590707711     0.064125110     0.110112418     0.000002850     0.000004995   1146    -0.000000000      7     459.605     122.914 / 142.156
  223   111.329   -28.566506439  8241.775791178   133.590707711     0.064126535     0.110114915     0.000002744     0.000004809   1151    -0.000000000      7     461.564     122.824 / 142.156
  224   111.829   -28.566506439  8241.775699442   133.590707712     0.064127906     0.110117319     0.000002641     0.000004630   1156    -0.000000000      7     463.621     122.863 / 142.207
  225   112.329   -28.566506439  8241.775611125   133.590707712     0.064129227     0.110119634     0.000002543     0.000004457   1161    -0.000000000      7     465.486     122.613 / 142.207
  226   112.829   -28.566506439  8241.775526098   133.590707712     0.064130499     0.110121862     0.000002448     0.000004291   1166    -0.000000000      7     467.390     123.469 / 142.207
  227   113.329   -28.566506440  8241.775444240   133.590707712     0.064131723     0.110124008     0.000002357     0.000004131   1171    -0.000000000      7     469.015     122.953 / 142.207
  228   113.829   -28.566506440  8241.775365432   133.590707712     0.064132901     0.110126073     0.000002269     0.000003977   1176    -0.000000000      7     471.115     122.977 / 142.207
  229   114.329   -28.566506440  8241.775289560   133.590707712     0.064134036     0.110128062     0.000002185     0.000003829   1181    -0.000000000      7     473.011     122.934 / 142.207
  230   114.829   -28.566506440  8241.775216515   133.590707713     0.064135128     0.110129976     0.000002103     0.000003686   1186    -0.000000000      7     474.876     122.566 / 142.207
  231   115.329   -28.566506440  8241.775146192   133.590707713     0.064136180     0.110131819     0.000002025     0.000003549   1191    -0.000000000      7     476.777     122.980 / 142.207
  232   115.829   -28.566506440  8241.775078489   133.590707713     0.064137192     0.110133593     0.000001949     0.000003417   1196    -0.000000000      7     478.448     122.973 / 142.207
  233   116.329   -28.566506440  8241.775013309   133.590707713     0.064138167     0.110135302     0.000001877     0.000003290   1201    -0.000000000      7     480.160     123.031 / 142.207
  234   116.829   -28.566506440  8241.774950557   133.590707713     0.064139105     0.110136946     0.000001807     0.000003167   1206    -0.000000000      7     482.074     123.160 / 142.363
  235   117.329   -28.566506440  8241.774890144   133.590707713     0.064140009     0.110138530     0.000001740     0.000003049   1211    -0.000000000      7     483.936     122.871 / 142.363
  236   117.829   -28.566506440  8241.774831981   133.590707713     0.064140879     0.110140054     0.000001675     0.000002935   1216    -0.000000000      7     485.749     123.008 / 142.363
  237   118.329   -28.566506440  8241.774775986   133.590707713     0.064141716     0.110141521     0.000001612     0.000002826   1221    -0.000000000      7     487.660     123.254 / 142.363
  238   118.829   -28.566506440  8241.774722077   133.590707714     0.064142522     0.110142934     0.000001552     0.000002721   1226    -0.000000000      7     489.580     122.980 / 142.363
  239   119.329   -28.566506440  8241.774670177   133.590707714     0.064143298     0.110144295     0.000001494     0.000002619   1231    -0.000000000      7     491.343     123.316 / 142.363
  240   119.829   -28.566506440  8241.774620211   133.590707714     0.064144046     0.110145604     0.000001439     0.000002522   1236    -0.000000000      7     492.893     122.883 / 142.363
  241   120.329   -28.566506440  8241.774572107   133.590707714     0.064144765     0.110146865     0.000001385     0.000002428   1241    -0.000000000      7     494.573     123.316 / 142.438
  242   120.829   -28.566506440  8241.774525795   133.590707714     0.064145458     0.110148079     0.000001334     0.000002337   1246    -0.000000000      7     496.439     123.113 / 142.438
  243   121.329   -28.566506439  8241.774481208   133.590707714     0.064146124     0.110149247     0.000001284     0.000002250   1251    -0.000000000      7     498.372     123.176 / 142.438
  244   121.829   -28.566506439  8241.774438283   133.590707714     0.064146766     0.110150372     0.000001236     0.000002166   1256    -0.000000000      7     500.055     123.109 / 142.438
  245   122.329   -28.566506439  8241.774396957   133.590707714     0.064147384     0.110151455     0.000001190     0.000002086   1261    -0.000000000      7     501.872     123.188 / 142.449
  246   122.829   -28.566506439  8241.774357172   133.590707714     0.064147979     0.110152498     0.000001146     0.000002008   1266    -0.000000000      7     503.888     123.164 / 142.523
  247   123.329   -28.566506439  8241.774318868   133.590707714     0.064148552     0.110153502     0.000001103     0.000001933   1271    -0.000000000      7     505.810     123.066 / 142.523
  248   123.829   -28.566506439  8241.774281992   133.590707714     0.064149103     0.110154468     0.000001062     0.000001861   1276    -0.000000000      7     507.655     123.387 / 142.523
  249   124.329   -28.566506439  8241.774246490   133.590707715     0.064149634     0.110155399     0.000001022     0.000001792   1281    -0.000000000      7     509.565     123.160 / 142.523
  250   124.829   -28.566506439  8241.774212310   133.590707715     0.064150146     0.110156295     0.000000984     0.000001725   1286    -0.000000000      7     511.857     123.262 / 142.523
  251   125.329   -28.566506439  8241.774179405   133.590707715     0.064150638     0.110157157     0.000000948     0.000001661   1291    -0.000000000      7     513.886     123.297 / 142.547
  252   125.829   -28.566506439  8241.774147725   133.590707715     0.064151111     0.110157987     0.000000912     0.000001599   1296    -0.000000000      7     515.734     123.258 / 142.547
  253   126.329   -28.566506439  8241.774117226   133.590707715     0.064151567     0.110158787     0.000000878     0.000001539   1301    -0.000000000      7     517.497     123.195 / 142.547
  254   126.829   -28.566506439  8241.774087863   133.590707715     0.064152007     0.110159556     0.000000846     0.000001482   1306    -0.000000000      7     519.317     123.152 / 142.547
  255   127.329   -28.566506439  8241.774059594   133.590707715     0.064152429     0.110160297     0.000000814     0.000001427   1311    -0.000000000      7     521.252     123.258 / 142.547
  256   127.829   -28.566506439  8241.774032379   133.590707715     0.064152836     0.110161010     0.000000784     0.000001374   1316    -0.000000000      7     523.042     123.703 / 142.547
  257   128.329   -28.566506439  8241.774006178   133.590707715     0.064153228     0.110161697     0.000000754     0.000001322   1321    -0.000000000      7     524.978     123.082 / 142.691
  258   128.829   -28.566506439  8241.773980952   133.590707715     0.064153605     0.110162358     0.000000726     0.000001273   1326    -0.000000000      7     526.971     123.156 / 142.691
  259   129.329   -28.566506439  8241.773956667   133.590707715     0.064153969     0.110162995     0.000000699     0.000001226   1331    -0.000000000      7     528.994     123.184 / 142.691
  260   129.829   -28.566506439  8241.773933287   133.590707715     0.064154318     0.110163607     0.000000673     0.000001180   1336    -0.000000000      7     530.996     123.355 / 142.691
  261   130.329   -28.566506439  8241.773910778   133.590707715     0.064154655     0.110164197     0.000000648     0.000001136   1341    -0.000000000      7     533.120     123.293 / 142.691
  262   130.829   -28.566506438  8241.773889108   133.590707715     0.064154979     0.110164765     0.000000624     0.000001094   1346    -0.000000000      7     535.070     123.398 / 142.691
  263   131.329   -28.566506438  8241.773868245   133.590707715     0.064155291     0.110165312     0.000000601     0.000001053   1351    -0.000000000      7     537.028     123.281 / 142.691
  264   131.829   -28.566506438  8241.773848159   133.590707715     0.064155591     0.110165839     0.000000578     0.000001014   1356    -0.000000000      7     538.825     123.441 / 142.691
  265   132.329   -28.566506438  8241.773828822   133.590707715     0.064155880     0.110166345     0.000000557     0.000000976   1361    -0.000000000      7     540.786     123.363 / 142.691
  266   132.829   -28.566506438  8241.773810205   133.590707715     0.064156159     0.110166833     0.000000536     0.000000940   1366    -0.000000000      7     542.921     123.398 / 142.691
  267   133.329   -28.566506438  8241.773792283   133.590707715     0.064156427     0.110167303     0.000000516     0.000000905   1371    -0.000000000      7     544.981     123.391 / 142.691
  268   133.829   -28.566506438  8241.773775027   133.590707715     0.064156685     0.110167755     0.000000497     0.000000871   1376    -0.000000000      7     546.937     123.621 / 142.691
  269   134.329   -28.566506438  8241.773758415   133.590707716     0.064156933     0.110168191     0.000000478     0.000000838   1381    -0.000000000      7     548.748     123.305 / 142.691
