    0     0.000   -23.351343989 23184.484469323   168.412474226     0.000000000     0.000000000     0.000000000     0.000000000      0    -5.549445923      5      24.378     324.152 / 364.672
    0     0.000   -23.351343989 23184.484469323   168.412474226     0.000000000     0.000000000     0.000000018     1.526654153      0    -5.549445923      5      24.565     324.152 / 364.871
    1     0.131   -24.847820262 23184.510214788   166.379644006     0.000000002     0.200000000     0.021889394     1.321374650      5    -3.966257800      5     231.048     612.781 / 753.234
    2     0.282   -26.075037557 23184.557444998   164.278827661     0.003319669     0.399875275     0.037532898     1.127572466     12    -2.712621445      5     249.041     609.789 / 753.398
    3     0.460   -27.048370908 23184.619476313   162.156864728     0.006653607     0.199889293     0.047379688     0.945607091     17    -1.751515533      6     262.232     699.461 / 860.234
    4     0.671   -27.786761978 23184.691842524   160.047117879     0.016676654     0.399415293     0.051726770     0.776641400     25    -1.048868704      6     281.215     700.852 / 860.969
    5     0.928   -28.313744211 23184.760567777   158.039425065     0.013291185     0.199557872     0.051204967     0.620775789     30    -0.567524765      7     293.933     700.852 / 913.938
    6     1.249   -28.659911767 23184.812713943   156.214403894     0.029761374     0.398399490     0.046401653     0.478032800     38    -0.267728799      7     314.232     707.211 / 914.379
    7     1.665   -28.862673829 23184.817023621   154.699868553     0.019322767     0.199064388     0.038301726     0.346012425     43    -0.104319280      8     326.535     717.781 / 968.688
    8     2.165   -28.955069976 23184.742799807   153.711614218     0.038528878     0.371279410     0.029348738     0.237289289     51    -0.037821171      8     347.152     733.957 / 969.160
    9     2.665   -28.989267795 23184.592763259   153.248377171     0.014674369     0.118644644     0.022715130     0.163728326     56    -0.016794112      9     359.049     862.262 / 1022.941
   10     3.165   -29.004733649 23184.398036879   153.036082505     0.026056268     0.200367828     0.018039685     0.112881006     62    -0.008995679      9     375.245     864.008 / 1022.941
   11     3.665   -29.013211534 23184.175321049   152.941701527     0.035121856     0.256575585     0.014788083     0.077823337     69    -0.005699378      9     393.044     863.730 / 1022.941
   12     4.165   -29.018719633 23183.932491392   152.900123428     0.007394042     0.038911668     0.012524716     0.053818869     73    -0.004122994     10     403.279     871.121 / 1076.312
   13     4.665   -29.022813762 23183.679031136   152.882989294     0.013653848     0.065776507     0.010919974     0.037608870     77    -0.003287307     10     413.426     916.367 / 1076.312
   14     5.165   -29.026157556 23183.419533890   152.876704864     0.019106725     0.084433287     0.009757891     0.026858205     82    -0.002797016     10     425.553     922.750 / 1077.023
   15     5.665   -29.029059719 23183.157104542   152.875070074     0.023973205     0.097531319     0.008894670     0.019937153     87    -0.002481770     10     438.039     916.367 / 1077.023
   16     6.165   -29.031675111 23182.894912440   152.875309036     0.028414333     0.106891443     0.008225802     0.015685807     93    -0.002261946     10     452.530     916.367 / 1078.258
   17     6.665   -29.034087995 23182.633624105   152.876220962     0.032517934     0.113758555     0.007702096     0.013210149     99    -0.002098226     10     467.681     916.363 / 1078.258
   18     7.165   -29.036347334 23182.374329187   152.877302622     0.036356930     0.118978483     0.007281378     0.011834120    105    -0.001968993     10     482.364     915.633 / 1078.258
   19     7.665   -29.038482994 23182.117831099   152.878361080     0.039983340     0.123125698     0.006935136     0.011077179    111    -0.001861944     10     497.672     914.828 / 1078.258
   20     8.165   -29.040514023 23181.864729420   152.879335529     0.043434966     0.126588255     0.006643678     0.010639920    117    -0.001769728     10     513.521     916.531 / 1078.258
   21     8.665   -29.042453064 23181.615473810   152.880217906     0.046739727     0.129626390     0.006393135     0.010356951    123    -0.001687786     10     527.999     916.984 / 1078.258
   22     9.165   -29.044308828 23181.370400680   152.881018550     0.049918535     0.132412851     0.006173557     0.010144277    129    -0.001613213     10     542.603     922.719 / 1078.258
   23     9.665   -29.046087554 23181.129759134   152.881752084     0.052987254     0.135060661     0.005977699     0.009961495    135    -0.001544115     10     557.552     916.984 / 1078.277
   24    10.165   -29.047793905 23180.893729969   152.882432150     0.055958048     0.137642222     0.005800219     0.009789966    141    -0.001479240     10     571.584     916.984 / 1078.277
   25    10.665   -29.049431522 23180.662439985   152.883069883     0.058840346     0.140202452     0.005637136     0.009621490    147    -0.001417749     10     586.549     916.984 / 1078.277
   26    11.165   -29.051003380 23180.435972992   152.883673831     0.061641529     0.142767814     0.005485460     0.009452751    153    -0.001359077     10     602.718     916.973 / 1078.277
   27    11.665   -29.052512021 23180.214378422   152.884250353     0.064367435     0.145352505     0.005342930     0.009282656    159    -0.001302834     10     618.309     919.887 / 1078.277
   28    12.165   -29.053959697 23179.997678129   152.884804110     0.067022731     0.147962690     0.005207825     0.009111087    165    -0.001248755     10     633.407     916.832 / 1078.277
   29    12.665   -29.055348472 23179.785871802   152.885338498     0.069611194     0.150599381     0.005078835     0.008938322    171    -0.001196651     10     648.803     937.613 / 1078.277
   30    13.165   -29.056680280 23179.578941310   152.885855993     0.072135919     0.153260390     0.004954951     0.008764777    177    -0.001146389     10     663.541     916.832 / 1078.746
   31    13.665   -29.057956966 23179.376854188   152.886358412     0.074599477     0.155941640     0.004835402     0.008590888    183    -0.001097872     10     679.248     916.832 / 1078.746
   32    14.165   -29.059180316 23179.179566456   152.886847099     0.077004038     0.158638039     0.004719592     0.008417067    189    -0.001051027     10     694.214     919.820 / 1078.746
   33    14.665   -29.060352066 23178.987024900   152.887323066     0.079351461     0.161344052     0.004607060     0.008243682    195    -0.001005798     10     708.501     916.832 / 1078.746
   34    15.165   -29.061473918 23178.799168929   152.887787085     0.081643366     0.164054070     0.004497451     0.008071057    201    -0.000962138     10     723.188     916.832 / 1078.746
   35    15.665   -29.062547539 23178.615932075   152.888239757     0.083881190     0.166762641     0.004390488     0.007899473    207    -0.000920006     10     737.141     916.832 / 1078.746
   36    16.165   -29.063575804 23178.437243245   152.888681404     0.086066226     0.169464612     0.004286005     0.007729184    214    -0.000879374     10     753.724     919.254 / 1078.746
   37    16.665   -29.064558017 23178.263027497   152.889112730     0.088199681     0.172155223     0.004183732     0.007560383    221    -0.000840196     10     770.380     916.832 / 1079.328
   38    17.165   -29.065496849 23178.093207367   152.889533917     0.090282627     0.174830075     0.004083598     0.007393252    228    -0.000802447     10     786.985     917.719 / 1079.328
   39    17.665   -29.066393856 23177.927703233   152.889945244     0.092316098     0.177485208     0.003985499     0.007227946    235    -0.000766094     10     803.552     937.484 / 1079.328
   40    18.165   -29.067250564 23177.766433911   152.890346957     0.094301078     0.180117071     0.003889354     0.007064597    242    -0.000731107     10     819.816     920.922 / 1079.328
   41    18.665   -29.068068470 23177.609317132   152.890739278     0.096238510     0.182722505     0.003795099     0.006903320    249    -0.000697454     10     836.977     917.719 / 1079.852
   42    19.165   -29.068849038 23177.456269934   152.891122410     0.098129305     0.185298722     0.003702684     0.006744209    256    -0.000665103     10     852.888     925.195 / 1079.852
   43    19.665   -29.069593700 23177.307208992   152.891496544     0.099974351     0.187843274     0.003612066     0.006587348    263    -0.000634022     10     868.699     937.066 / 1079.852
   44    20.165   -29.070303854 23177.162050890   152.891861858     0.101774517     0.190354030     0.003523212     0.006432804    270    -0.000604178     10     885.620     920.598 / 1079.852
   45    20.665   -29.070980863 23177.020712356   152.892218524     0.103530655     0.192829151     0.003436093     0.006280635    277    -0.000575538     10     902.055     917.461 / 1079.852
   46    21.165   -29.071626056 23176.883110451   152.892566709     0.105243607     0.195267058     0.003350687     0.006130890    284    -0.000548070     10     918.390     917.094 / 1079.852
   47    21.665   -29.072240725 23176.749162733   152.892906571     0.106914201     0.197666415     0.003266971     0.005983606    291    -0.000521739     10     935.172     918.379 / 1079.852
   48    22.165   -29.072826126 23176.618787401   152.893238270     0.108543260     0.200026105     0.003184926     0.005838816    298    -0.000496512     10     951.747     919.324 / 1079.852
   49    22.665   -29.073383479 23176.491903406   152.893561957     0.110131597     0.202345205     0.003104535     0.005696543    305    -0.000472355     10     968.372     916.832 / 1079.852
   50    23.165   -29.073913965 23176.368430553   152.893877785     0.111680016     0.204622975     0.003025780     0.005556805    312    -0.000449234     10     984.692     934.957 / 1079.852
   51    23.665   -29.074418731 23176.248289581   152.894185903     0.113189318     0.206858831     0.002948646     0.005419614    319    -0.000427117     10    1001.795     916.832 / 1079.852
   52    24.165   -29.074898885 23176.131402242   152.894486459     0.114660293     0.209052338     0.002873116     0.005284978    326    -0.000405969     10    1017.319     916.832 / 1079.852
   53    24.665   -29.075355501 23176.017691351   152.894779598     0.116093727     0.211203191     0.002799174     0.005152899    333    -0.000385758     10    1034.137     916.832 / 1081.543
   54    25.165   -29.075789614 23175.907080844   152.895065466     0.117490399     0.213311200     0.002726804     0.005023377    340    -0.000366451     10    1051.636     919.254 / 1081.543
   55    25.665   -29.076202224 23175.799495815   152.895344204     0.118851078     0.215376283     0.002655988     0.004896404    347    -0.000348015     10    1068.142     919.254 / 1081.543
   56    26.165   -29.076594956 23175.694160336   152.895619209     0.120173505     0.217398528     0.002591201     0.004770088    353    -0.000330479     10    1082.910     920.637 / 1081.543
   57    26.665   -29.076967819 23175.591716591   152.895885868     0.121463803     0.219376685     0.002525390     0.004647444    359    -0.000313717     10    1098.407     919.254 / 1081.543
   58    27.165   -29.077315013 23175.492139862   152.895897408     0.001262695     0.002323722     0.002459742     0.004524401    362    -0.000297337     11    1106.463     920.785 / 1131.016
   59    27.665   -29.077644121 23175.395435149   152.895909822     0.002492566     0.004585918     0.002394427     0.004404714    365    -0.000281744     11    1115.299     971.090 / 1131.016
   60    28.165   -29.077955876 23175.301499193   152.895922985     0.003689779     0.006788266     0.002330050     0.004288006    369    -0.000266907     11    1126.620     971.090 / 1131.465
   61    28.665   -29.078251271 23175.210245326   152.895936741     0.004854804     0.008932256     0.002266885     0.004174060    373    -0.000252794     11    1136.649     971.090 / 1131.465
   62    29.165   -29.078531053 23175.121595484   152.895950978     0.005988245     0.011019270     0.002205057     0.004062745    377    -0.000239375     11    1148.150     974.059 / 1132.039
   63    29.665   -29.078795989 23175.035476924   152.895965588     0.007090772     0.013050623     0.002144625     0.003953973    381    -0.000226621     11    1158.117     972.391 / 1132.039
   64    30.165   -29.079046811 23174.951820447   152.895980479     0.008163083     0.015027588     0.002085611     0.003847685    385    -0.000214502     11    1167.827     989.812 / 1132.137
   65    30.665   -29.079284223 23174.870559469   152.895995572     0.009205886     0.016951407     0.002028017     0.003743837    389    -0.000202990     11    1177.580     972.699 / 1132.137
   66    31.165   -29.079508896 23174.791629496   152.896010800     0.010219893     0.018823299     0.001971832     0.003642389    393    -0.000192059     11    1187.733     974.230 / 1132.137
   67    31.665   -29.079721470 23174.714967826   152.896026105     0.011205807     0.020644467     0.001917041     0.003543310    397    -0.000181681     11    1197.641     974.188 / 1132.723
   68    32.165   -29.079922558 23174.640513363   152.896041439     0.012164325     0.022416094     0.001863620     0.003446565    401    -0.000171832     11    1208.587     968.301 / 1132.723
   69    32.665   -29.080112746 23174.568206505   152.896056761     0.013096134     0.024139348     0.001811548     0.003352122    405    -0.000162488     11    1218.672     972.578 / 1132.723
   70    33.165   -29.080292591 23174.497989075   152.896072038     0.014001906     0.025815379     0.001760798     0.003259948    409    -0.000153625     11    1228.396     973.199 / 1132.723
   71    33.665   -29.080462625 23174.429804269   152.896087240     0.014882303     0.027445323     0.001711346     0.003170009    413    -0.000145220     11    1237.869     973.344 / 1132.723
   72    34.165   -29.080623357 23174.363596623   152.896102343     0.015737974     0.029030297     0.001663164     0.003082270    417    -0.000137252     11    1247.810     962.328 / 1132.723
   73    34.665   -29.080775268 23174.299311982   152.896117325     0.016569554     0.030571401     0.001616227     0.002996694    421    -0.000129700     11    1258.066     970.973 / 1132.723
   74    35.165   -29.080918821 23174.236897482   152.896132170     0.017377666     0.032069717     0.001570509     0.002913245    425    -0.000122544     11    1268.552     962.328 / 1132.723
   75    35.665   -29.081054453 23174.176301524   152.896146861     0.018162918     0.033526308     0.001525984     0.002831885    429    -0.000115766     11    1278.501     964.992 / 1133.094
   76    36.165   -29.081182581 23174.117473760   152.896161384     0.018925908     0.034942219     0.001482625     0.002752578    433    -0.000109346     11    1288.250     964.512 / 1133.094
   77    36.665   -29.081303604 23174.060365066   152.896175730     0.019667219     0.036318476     0.001440409     0.002675284    437    -0.000103267     11    1298.735     974.258 / 1133.176
   78    37.165   -29.081417897 23174.004927530   152.896189887     0.020387422     0.037656086     0.001399309     0.002599965    441    -0.000097512     11    1308.975     969.949 / 1133.176
   79    37.665   -29.081525820 23173.951114430   152.896203846     0.021087074     0.038956036     0.001359301     0.002526583    445    -0.000092065     11    1318.545     962.047 / 1133.176
   80    38.165   -29.081627715 23173.898880210   152.896217602     0.021766723     0.040219296     0.001320360     0.002455099    449    -0.000086911     11    1329.285     919.254 / 1133.176
   81    38.665   -29.081723904 23173.848180468   152.896231147     0.022426901     0.041446813     0.001282462     0.002385474    453    -0.000082035     11    1339.420     927.695 / 1133.176
   82    39.165   -29.081814697 23173.798971927   152.896244475     0.023068130     0.042639518     0.001245583     0.002317670    457    -0.000077422     11    1349.082     919.254 / 1133.176
   83    39.665   -29.081900347 23173.751212543   152.896257591     0.023690920     0.043798320     0.001209710     0.002251653    462    -0.000073061     11    1360.830     992.113 / 1133.656
   84    40.165   -29.081981202 23173.704860905   152.896270474     0.024295773     0.044924115     0.001174799     0.002187377    467    -0.000068936     11    1373.165     945.656 / 1133.656
   85    40.665   -29.082057492 23173.659877188   152.896283131     0.024883171     0.046017771     0.001140837     0.002124806    472    -0.000065037     11    1385.551     919.254 / 1133.707
   86    41.165   -29.082129467 23173.616222427   152.896295560     0.025453588     0.047080143     0.001107803     0.002063904    477    -0.000061352     11    1398.242     919.254 / 1133.707
   87    41.665   -29.082197362 23173.573858679   152.896307757     0.026007488     0.048112063     0.001075675     0.002004633    482    -0.000057869     11    1410.953     925.301 / 1133.707
   88    42.165   -29.082261402 23173.532749003   152.896319721     0.026545324     0.049114348     0.001044430     0.001946957    487    -0.000054578     11    1423.094     972.309 / 1133.707
   89    42.665   -29.082321799 23173.492857438   152.896331453     0.027067537     0.050087795     0.001014047     0.001890838    492    -0.000051469     11    1436.000     962.812 / 1133.707
   90    43.165   -29.082378756 23173.454148982   152.896342951     0.027574559     0.051033183     0.000984504     0.001836242    497    -0.000048533     11    1448.962     971.203 / 1133.727
   91    43.665   -29.082432462 23173.416589573   152.896354215     0.028066809     0.051951273     0.000955781     0.001783131    502    -0.000045759     11    1461.104     962.812 / 1133.727
   92    44.165   -29.082483098 23173.380146066   152.896365247     0.028544698     0.052842808     0.000927858     0.001731472    507    -0.000043140     11    1473.155     949.191 / 1133.727
   93    44.665   -29.082530835 23173.344786214   152.896376048     0.029008626     0.053708514     0.000900715     0.001681230    512    -0.000040667     11    1485.569     956.676 / 1133.727
   94    45.165   -29.082575835 23173.310478646   152.896386617     0.029458982     0.054549099     0.000874331     0.001632369    517    -0.000038333     11    1497.849     972.668 / 1133.727
   95    45.665   -29.082618251 23173.277192846   152.896396957     0.029896146     0.055365254     0.000848689     0.001584858    522    -0.000036129     11    1510.714     972.668 / 1134.387
   96    46.165   -29.082658229 23173.244899135   152.896407070     0.030320489     0.056157653     0.000823767     0.001538663    527    -0.000034049     11    1522.261     972.668 / 1134.387
   97    46.665   -29.082695904 23173.213568653   152.896416957     0.030732371     0.056926956     0.000799550     0.001493751    532    -0.000032087     11    1534.474     975.656 / 1134.387
   98    47.165   -29.082731407 23173.183173331   152.896426620     0.031132145     0.057673803     0.000776017     0.001450090    537    -0.000030235     11    1547.099     979.441 / 1134.387
   99    47.665   -29.082764861 23173.153685883   152.896436063     0.031520152     0.058398819     0.000753152     0.001407650    542    -0.000028487     11    1558.797     992.445 / 1134.387
  100    48.165   -29.082796381 23173.125079777   152.896445287     0.031896727     0.059102617     0.000730936     0.001366399    547    -0.000026839     11    1572.393     993.375 / 1134.387
  101    48.665   -29.082826077 23173.097329224   152.896454296     0.032262193     0.059785789     0.000709353     0.001326307    552    -0.000025285     11    1584.391     995.293 / 1134.387
  102    49.165   -29.082854052 23173.070409154   152.896463091     0.032616869     0.060448915     0.000688387     0.001287345    557    -0.000023818     11    1596.652     990.172 / 1134.387
  103    49.665   -29.082880405 23173.044295200   152.896471677     0.032961061     0.061092561     0.000668020     0.001249483    562    -0.000022436     11    1608.665     993.250 / 1134.387
  104    50.165   -29.082905228 23173.018963683   152.896480055     0.033295070     0.061717276     0.000648237     0.001212694    567    -0.000021132     11    1621.631     992.305 / 1134.387
  105    50.665   -29.082928607 23172.994391588   152.896488230     0.033619187     0.062323597     0.000629023     0.001176948    572    -0.000019903     11    1633.727     993.035 / 1134.387
  106    51.165   -29.082950626 23172.970556555   152.896496204     0.033933698     0.062912046     0.000610361     0.001142219    577    -0.000018744     11    1645.837     956.930 / 1134.387
  107    51.665   -29.082971362 23172.947436854   152.896503982     0.034238877     0.063483130     0.000592237     0.001108481    582    -0.000017651     11    1658.407     956.930 / 1134.387
  108    52.165   -29.082990890 23172.925011375   152.896511565     0.034534994     0.064037346     0.000574637     0.001075706    587    -0.000016621     11    1670.381     937.703 / 1134.438
  109    52.665   -29.083009277 23172.903259608   152.896518958     0.034822312     0.064575175     0.000557546     0.001043870    592    -0.000015651     11    1683.027     953.586 / 1134.438
  110    53.165   -29.083026591 23172.882161630   152.896526164     0.035101083     0.065097086     0.000540950     0.001012947    597    -0.000014736     11    1695.459     973.398 / 1134.438
  111    53.665   -29.083042892 23172.861698087   152.896533186     0.035371557     0.065603536     0.000524836     0.000982912    602    -0.000013874     11    1708.647     973.398 / 1134.438
  112    54.165   -29.083058239 23172.841850180   152.896540028     0.035633974     0.066094969     0.000509190     0.000953743    607    -0.000013062     11    1723.127     973.398 / 1134.438
  113    54.665   -29.083072688 23172.822599651   152.896546694     0.035888568     0.066571818     0.000494000     0.000925415    612    -0.000012296     11    1736.057     976.957 / 1134.438
  114    55.165   -29.083086289 23172.803928765   152.896553187     0.036135567     0.067034504     0.000479253     0.000897906    617    -0.000011575     11    1748.476     974.285 / 1134.438
  115    55.665   -29.083099093 23172.785820303   152.896559511     0.036375193     0.067483435     0.000464936     0.000871193    622    -0.000010896     11    1760.149     974.285 / 1134.438
  116    56.165   -29.083111145 23172.768257539   152.896565668     0.036607660     0.067919010     0.000451038     0.000845254    627    -0.000010256     11    1772.055     974.285 / 1134.586
  117    56.665   -29.083122489 23172.751224235   152.896571663     0.036833178     0.068341617     0.000437547     0.000820069    632    -0.000009653     11    1784.277     974.285 / 1134.586
  118    57.165   -29.083133166 23172.734704621   152.896577499     0.037051951     0.068751631     0.000424452     0.000795617    637    -0.000009086     11    1797.100     974.285 / 1134.586
  119    57.665   -29.083143215 23172.718683386   152.896583180     0.037264176     0.069149420     0.000411741     0.000771877    642    -0.000008551     11    1810.124     974.285 / 1135.914
  120    58.165   -29.083152673 23172.703145666   152.896588708     0.037470046     0.069535339     0.000399403     0.000748829    647    -0.000008048     11    1824.290     974.273 / 1135.914
  121    58.665   -29.083161573 23172.688077027   152.896594088     0.037669746     0.069909735     0.000387429     0.000726455    652    -0.000007573     11    1837.103     974.719 / 1135.914
  122    59.165   -29.083169948 23172.673463459   152.896599322     0.037863460     0.070272944     0.000375807     0.000704736    657    -0.000007127     11    1849.496     974.719 / 1135.914
  123    59.665   -29.083177830 23172.659291359   152.896604415     0.038051363     0.070625293     0.000364528     0.000683652    662    -0.000006706     11    1861.724     974.719 / 1135.914
  124    60.165   -29.083185246 23172.645547524   152.896609368     0.038233626     0.070967102     0.000353582     0.000663187    667    -0.000006311     11    1874.207     974.719 / 1135.914
  125    60.665   -29.083192225 23172.632219138   152.896614187     0.038410416     0.071298678     0.000342959     0.000643323    672    -0.000005938     11    1885.942     974.719 / 1135.914
  126    61.165   -29.083198791 23172.619293759   152.896618872     0.038581895     0.071620322     0.000332651     0.000624043    677    -0.000005587     11    1898.187     974.719 / 1135.914
  127    61.665   -29.083204969 23172.606759312   152.896623429     0.038748219     0.071932327     0.000322647     0.000605330    682    -0.000005257     11    1910.572     975.602 / 1135.914
  128    62.165   -29.083210781 23172.594604076   152.896627860     0.038909542     0.072234976     0.000312941     0.000587169    687    -0.000004946     11    1922.466     975.602 / 1135.914
  129    62.665   -29.083216250 23172.582816678   152.896632168     0.039066012     0.072528545     0.000303522     0.000569543    692    -0.000004653     11    1935.241     975.602 / 1135.914
  130    63.165   -29.083221394 23172.571386076   152.896636357     0.039217772     0.072813301     0.000294382     0.000552438    697    -0.000004378     11    1947.078     975.602 / 1135.914
  131    63.665   -29.083226234 23172.560301558   152.896640428     0.039364962     0.073089505     0.000285515     0.000535839    702    -0.000004118     11    1958.690     975.602 / 1135.914
  132    64.165   -29.083230787 23172.549552725   152.896644385     0.039507719     0.073357410     0.000276911     0.000519731    707    -0.000003874     11    1971.236     975.602 / 1135.914
  133    64.665   -29.083235070 23172.539129488   152.896648232     0.039646174     0.073617261     0.000268563     0.000504100    712    -0.000003645     11    1983.452     978.648 / 1135.914
  134    65.165   -29.083239099 23172.529022055   152.896651970     0.039780455     0.073869297     0.000260464     0.000488932    717    -0.000003428     11    1996.542     975.078 / 1135.914
  135    65.665   -29.083242889 23172.519220926   152.896655602     0.039910686     0.074113750     0.000252606     0.000474214    722    -0.000003225     11    2008.510     975.078 / 1135.914
  136    66.165   -29.083246453 23172.509716881   152.896659132     0.040036989     0.074350844     0.000244983     0.000459934    727    -0.000003034     11    2020.630     975.078 / 1135.914
  137    66.665   -29.083249807 23172.500500974   152.896662562     0.040159480     0.074580798     0.000237587     0.000446078    732    -0.000002853     11    2036.592     978.980 / 1135.914
  138    67.165   -29.083252960 23172.491564526   152.896665894     0.040278273     0.074803824     0.000230412     0.000432634    737    -0.000002684     11    2050.034     975.078 / 1135.914
  139    67.665   -29.083255927 23172.482899115   152.896669131     0.040393478     0.075020129     0.000223451     0.000419590    742    -0.000002524     11    2062.603     975.965 / 1135.914
  140    68.165   -29.083258717 23172.474496570   152.896672276     0.040505203     0.075229912     0.000216699     0.000406935    747    -0.000002374     11    2075.584     975.965 / 1136.488
  141    68.665   -29.083261340 23172.466348963   152.896675331     0.040613552     0.075433368     0.000210149     0.000394657    752    -0.000002233     11    2089.417     975.965 / 1136.488
  142    69.165   -29.083263808 23172.458448603   152.896678298     0.040718626     0.075630685     0.000203795     0.000382745    757    -0.000002100     11    2102.504     975.965 / 1136.488
  143    69.665   -29.083266129 23172.450788028   152.896681180     0.040820523     0.075822047     0.000197631     0.000371190    762    -0.000001975     11    2114.729     975.965 / 1136.488
  144    70.165   -29.083268312 23172.443359998   152.896683979     0.040919339     0.076007631     0.000191652     0.000359979    767    -0.000001858     11    2126.865     975.965 / 1136.488
  145    70.665   -29.083270364 23172.436157490   152.896686697     0.041015164     0.076187610     0.000185853     0.000349104    772    -0.000001747     11    2139.833     975.965 / 1136.488
  146    71.165   -29.083272295 23172.429173692   152.896689336     0.041108090     0.076362152     0.000180227     0.000338553    777    -0.000001643     11    2152.342     975.965 / 1136.488
  147    71.665   -29.083274110 23172.422401993   152.896691899     0.041198204     0.076531418     0.000174771     0.000328319    782    -0.000001545     11    2165.016     981.984 / 1136.488
  148    72.165   -29.083275817 23172.415835984   152.896694388     0.041285589     0.076695568     0.000169478     0.000318391    787    -0.000001453     11    2178.397     982.172 / 1136.488
  149    72.665   -29.083277422 23172.409469443   152.896696805     0.041370328     0.076854754     0.000164345     0.000308761    792    -0.000001367     11    2191.113     975.965 / 1136.488
  150    73.165   -29.083278931 23172.403296338   152.896699151     0.041452500     0.077009126     0.000159366     0.000299419    797    -0.000001285     11    2203.946     975.965 / 1136.488
  151    73.665   -29.083280351 23172.397310816   152.896701429     0.041532182     0.077158827     0.000154536     0.000290358    802    -0.000001208     11    2216.055     975.965 / 1136.488
  152    74.165   -29.083281685 23172.391507202   152.896703640     0.041609450     0.077303997     0.000149852     0.000281569    807    -0.000001136     11    2229.320     975.965 / 1136.488
  153    74.665   -29.083282940 23172.385879988   152.896705787     0.041684376     0.077444773     0.000145309     0.000273044    812    -0.000001069     11    2242.104     975.078 / 1136.488
  154    75.165   -29.083284120 23172.380423833   152.896707871     0.041757030     0.077581287     0.000140903     0.000264774    817    -0.000001005     11    2255.440     975.078 / 1136.488
  155    75.665   -29.083285229 23172.375133558   152.896709893     0.041827481     0.077713666     0.000136630     0.000256754    822    -0.000000945     11    2268.088     994.645 / 1136.488
  156    76.165   -29.083286272 23172.370004137   152.896711857     0.041895796     0.077842035     0.000132485     0.000248974    827    -0.000000888     11    2280.824     997.633 / 1136.488
  157    76.665   -29.083287253 23172.365030696   152.896713763     0.041962038     0.077966515     0.000128466     0.000241429    832    -0.000000835     11    2293.104     975.078 / 1136.488
  158    77.165   -29.083288175 23172.360208509   152.896715612     0.042026270     0.078087222     0.000124567     0.000234111    837    -0.000000786     11    2305.379     975.078 / 1136.488
  159    77.665   -29.083289042 23172.355532990   152.896717408     0.042088554     0.078204271     0.000120787     0.000227013    842    -0.000000739     11    2319.396     976.949 / 1136.488
  160    78.165   -29.083289857 23172.350999694   152.896719150     0.042148947     0.078317770     0.000117120     0.000220129    847    -0.000000694     11    2331.773     975.965 / 1136.488
  161    78.665   -29.083290624 23172.346604307   152.896720841     0.042207507     0.078427828     0.000113564     0.000213453    852    -0.000000653     11    2344.113     978.859 / 1136.488
  162    79.165   -29.083291344 23172.342342646   152.896722482     0.042264289     0.078534548     0.000110116     0.000206977    857    -0.000000614     11    2355.781     975.965 / 1136.488
  163    79.665   -29.083292021 23172.338210655   152.896724074     0.042319347     0.078638030     0.000106772     0.000200698    862    -0.000000577     11    2367.182     977.785 / 1136.488
  164    80.165   -29.083292658 23172.334204400   152.896725620     0.042372732     0.078738373     0.000103529     0.000194607    867    -0.000000543     11    2378.946     975.965 / 1136.488
  165    80.665   -29.083293257 23172.330320064   152.896727119     0.042424497     0.078835671     0.000100384     0.000188701    872    -0.000000510     11    2390.323     975.965 / 1136.488
  166    81.165   -29.083293820 23172.326553948   152.896728574     0.042474688     0.078930015     0.000097334     0.000182972    877    -0.000000480     11    2401.676     975.965 / 1136.488
  167    81.665   -29.083294349 23172.322902462   152.896729986     0.042523355     0.079021496     0.000094376     0.000177417    882    -0.000000451     11    2412.912     975.078 / 1136.730
  168    82.165   -29.083294846 23172.319362127   152.896731356     0.042570543     0.079110199     0.000091508     0.000172030    887    -0.000000424     11    2424.291     975.078 / 1136.730
  169    82.665   -29.083295314 23172.315929567   152.896732685     0.042616297     0.079196208     0.000088727     0.000166805    892    -0.000000399     11    2438.267     975.078 / 1136.730
  170    83.165   -29.083295753 23172.312601508   152.896733975     0.042660660     0.079279605     0.000086030     0.000161738    897    -0.000000375     11    2451.269     976.312 / 1136.730
  171    83.665   -29.083296166 23172.309374777   152.896735226     0.042703675     0.079360469     0.000083414     0.000156825    902    -0.000000352     11    2468.539     981.535 / 1136.730
  172    84.165   -29.083296555 23172.306246296   152.896736440     0.042745382     0.079438877     0.000080878     0.000152060    907    -0.000000331     11    2482.252     975.078 / 1136.730
  173    84.665   -29.083296920 23172.303213078   152.896737618     0.042785821     0.079514902     0.000078419     0.000147439    912    -0.000000311     11    2494.494     975.078 / 1136.730
  174    85.165   -29.083297263 23172.300272230   152.896738760     0.042825030     0.079588617     0.000076034     0.000142958    917    -0.000000293     11    2506.987     975.078 / 1136.730
  175    85.665   -29.083297585 23172.297420944   152.896739869     0.042863047     0.079660092     0.000073721     0.000138613    922    -0.000000275     11    2518.110     975.078 / 1136.730
  176    86.165   -29.083297889 23172.294656497   152.896740944     0.042899907     0.079729394     0.000071479     0.000134399    927    -0.000000259     11    2530.453     975.078 / 1136.730
  177    86.665   -29.083298174 23172.291976251   152.896741987     0.042935647     0.079796589     0.000069305     0.000130313    932    -0.000000243     11    2542.344     975.078 / 1136.730
  178    87.165   -29.083298442 23172.289377644   152.896742999     0.042970299     0.079861742     0.000067196     0.000126351    937    -0.000000229     11    2553.843     975.078 / 1136.730
  179    87.665   -29.083298693 23172.286858195   152.896743981     0.043003897     0.079924914     0.000065152     0.000122509    942    -0.000000215     11    2565.486     975.078 / 1136.730
  180    88.165   -29.083298930 23172.284415497   152.896744933     0.043036472     0.079986164     0.000063169     0.000118783    947    -0.000000202     11    2577.344     975.078 / 1136.730
  181    88.665   -29.083299153 23172.282047215   152.896745856     0.043068057     0.080045552     0.000061247     0.000115170    952    -0.000000190     11    2589.623     975.078 / 1137.211
  182    89.165   -29.083299362 23172.279751086   152.896746752     0.043098680     0.080103134     0.000059383     0.000111667    957    -0.000000179     11    2601.712     976.656 / 1137.211
  183    89.665   -29.083299558 23172.277524915   152.896747621     0.043128371     0.080158963     0.000057575     0.000108270    962    -0.000000168     11    2613.979     975.078 / 1137.211
  184    90.165   -29.083299743 23172.275366573   152.896748464     0.043157159     0.080213095     0.000055823     0.000104976    967    -0.000000158     11    2626.000     975.078 / 1137.211
  185    90.665   -29.083299917 23172.273273998   152.896749282     0.043185070     0.080265580     0.000054123     0.000101782    972    -0.000000148     11    2637.351     994.266 / 1137.211
  186    91.165   -29.083300080 23172.271245189   152.896750075     0.043212132     0.080316467     0.000052476     0.000098685    977    -0.000000140     11    2648.510     994.480 / 1137.211
  187    91.665   -29.083300233 23172.269278203   152.896750844     0.043238369     0.080365806     0.000050878     0.000095681    982    -0.000000131     11    2660.526     994.141 / 1137.211
  188    92.165   -29.083300377 23172.267371161   152.896751590     0.043263808     0.080413644     0.000049329     0.000092769    987    -0.000000123     11    2673.601     994.141 / 1137.211
  189    92.665   -29.083300513 23172.265522238   152.896752314     0.043288473     0.080460026     0.000047827     0.000089946    992    -0.000000116     11    2685.364     994.141 / 1137.211
  190    93.165   -29.083300640 23172.263729665   152.896753016     0.043312386     0.080504996     0.000046370     0.000087208    997    -0.000000109     11    2696.139     994.266 / 1137.211
  191    93.665   -29.083300760 23172.261991726   152.896753697     0.043335571     0.080548597     0.000044958     0.000084553   1002    -0.000000102     11    2708.384     975.078 / 1137.211
  192    94.165   -29.083300872 23172.260306758   152.896754357     0.043358050     0.080590871     0.000043589     0.000081979   1007    -0.000000096     11    2719.937     975.078 / 1137.211
  193    94.665   -29.083300978 23172.258673150   152.896754997     0.043379845     0.080631857     0.000042261     0.000079483   1012    -0.000000091     11    2732.053     975.078 / 1137.211
  194    95.165   -29.083301077 23172.257089336   152.896755618     0.043400975     0.080671596     0.000040974     0.000077063   1017    -0.000000085     11    2743.771     975.078 / 1137.703
  195    95.665   -29.083301171 23172.255553801   152.896756220     0.043421462     0.080710125     0.000039726     0.000074716   1022    -0.000000080     11    2755.726     975.078 / 1137.703
  196    96.165   -29.083301258 23172.254065074   152.896756804     0.043441325     0.080747481     0.000038516     0.000072441   1027    -0.000000075     11    2767.539     975.078 / 1137.703
  197    96.665   -29.083301341 23172.252621731   152.896757371     0.043460583     0.080783699     0.000037343     0.000070235   1032    -0.000000071     11    2778.768     979.898 / 1137.703
  198    97.165   -29.083301418 23172.251222388   152.896757920     0.043479254     0.080818814     0.000036205     0.000068096   1037    -0.000000066     11    2790.298     977.918 / 1137.703
  199    97.665   -29.083301491 23172.249865707   152.896758453     0.043497357     0.080852860     0.000035102     0.000066022   1042    -0.000000062     11    2801.767     975.078 / 1137.703
  200    98.165   -29.083301559 23172.248550387   152.896758969     0.043514907     0.080885868     0.000034032     0.000064010   1047    -0.000000059     11    2813.592     975.078 / 1137.703
  201    98.665   -29.083301624 23172.247275169   152.896759470     0.043531923     0.080917871     0.000032995     0.000062061   1052    -0.000000055     11    2825.654     982.309 / 1137.703
  202    99.165   -29.083301684 23172.246038831   152.896759956     0.043548421     0.080948900     0.000031990     0.000060170   1057    -0.000000052     11    2837.944     996.523 / 1137.703
  203    99.665   -29.083301741 23172.244840188   152.896760427     0.043564416     0.080978983     0.000031015     0.000058337   1062    -0.000000049     11    2849.523     975.078 / 1137.703
  204   100.165   -29.083301794 23172.243678093   152.896760884     0.043579923     0.081008149     0.000030070     0.000056560   1067    -0.000000046     11    2861.877     975.078 / 1137.703
  205   100.665   -29.083301844 23172.242551432   152.896761327     0.043594958     0.081036428     0.000029153     0.000054836   1072    -0.000000043     11    2874.577     975.078 / 1137.703
  206   101.165   -29.083301891 23172.241459124   152.896761757     0.043609535     0.081063844     0.000028265     0.000053166   1077    -0.000000040     11    2886.892     975.078 / 1137.703
  207   101.665   -29.083301935 23172.240400125   152.896762174     0.043623667     0.081090425     0.000027404     0.000051546   1082    -0.000000038     11    2899.495     975.078 / 1137.703
  208   102.165   -29.083301977 23172.239373417   152.896762578     0.043637369     0.081116196     0.000026568     0.000049975   1087    -0.000000036     11    2911.869     975.078 / 1137.703
  209   102.665   -29.083302016 23172.238378019   152.896762969     0.043650653     0.081141182     0.000025758     0.000048452   1092    -0.000000034     11    2924.937     975.078 / 1137.703
  210   103.165   -29.083302053 23172.237412974   152.896763349     0.043663532     0.081165407     0.000024973     0.000046975   1097    -0.000000032     11    2936.853     975.078 / 1137.703
  211   103.665   -29.083302087 23172.236477360   152.896763718     0.043676019     0.081188893     0.000024212     0.000045544   1102    -0.000000030     11    2949.747     979.172 / 1137.703
  212   104.165   -29.083302120 23172.235570277   152.896764075     0.043688125     0.081211663     0.000023474     0.000044156   1107    -0.000000028     11    2961.741     975.719 / 1137.703
  213   104.665   -29.083302150 23172.234690858   152.896764421     0.043699862     0.081233740     0.000022758     0.000042810   1112    -0.000000026     11    2973.093     982.348 / 1137.703
  214   105.165   -29.083302179 23172.233838258   152.896764757     0.043711241     0.081255143     0.000022065     0.000041505   1117    -0.000000025     11    2985.452     982.152 / 1137.703
  215   105.665   -29.083302206 23172.233011661   152.896765083     0.043722273     0.081275895     0.000021392     0.000040240   1122    -0.000000023     11    2997.865     977.500 / 1137.703
  216   106.165   -29.083302231 23172.232210273   152.896765399     0.043732969     0.081296013     0.000020740     0.000039014   1127    -0.000000022     11    3010.880     977.500 / 1137.703
  217   106.665   -29.083302254 23172.231433327   152.896765705     0.043743339     0.081315519     0.000020107     0.000037824   1132    -0.000000020     11    3022.990     977.500 / 1137.703
  218   107.165   -29.083302277 23172.230680077   152.896766002     0.043753393     0.081334430     0.000019494     0.000036671   1137    -0.000000019     11    3034.735     977.500 / 1137.703
  219   107.665   -29.083302298 23172.229949801   152.896766290     0.043763140     0.081352764     0.000018900     0.000035553   1142    -0.000000018     11    3047.555     980.203 / 1137.703
  220   108.165   -29.083302317 23172.229241798   152.896766569     0.043772590     0.081370540     0.000018324     0.000034470   1147    -0.000000017     11    3059.506     980.480 / 1137.703
  221   108.665   -29.083302336 23172.228555390   152.896766840     0.043781752     0.081387773     0.000017765     0.000033419   1152    -0.000000016     11    3071.023     976.641 / 1137.703
  222   109.165   -29.083302353 23172.227889919   152.896767103     0.043790634     0.081404482     0.000017223     0.000032400   1157    -0.000000015     11    3082.939     978.238 / 1137.703
  223   109.665   -29.083302369 23172.227244745   152.896767357     0.043799246     0.081420681     0.000016698     0.000031412   1162    -0.000000014     11    3095.299     975.078 / 1137.703
  224   110.165   -29.083302385 23172.226619250   152.896767604     0.043807595     0.081436386     0.000016189     0.000030454   1167    -0.000000013     11    3107.624     978.043 / 1137.703
  225   110.665   -29.083302399 23172.226012835   152.896767843     0.043815689     0.081451612     0.000015695     0.000029526   1172    -0.000000012     11    3120.503     975.078 / 1137.703
  226   111.165   -29.083302413 23172.225424916   152.896768075     0.043823537     0.081466374     0.000015217     0.000028625   1177    -0.000000012     11    3132.733     975.078 / 1137.703
  227   111.665   -29.083302425 23172.224854932   152.896768300     0.043831145     0.081480685     0.000014753     0.000027753   1182    -0.000000011     11    3145.393     975.078 / 1137.703
  228   112.165   -29.083302437 23172.224302333   152.896768518     0.043838522     0.081494561     0.000014303     0.000026906   1187    -0.000000010     11    3157.329     975.078 / 1137.703
  229   112.665   -29.083302448 23172.223766591   152.896768730     0.043845673     0.081508013     0.000013867     0.000026086   1192    -0.000000010     11    3173.743     979.160 / 1137.703
  230   113.165   -29.083302459 23172.223247192   152.896768935     0.043852606     0.081521055     0.000013444     0.000025291   1197    -0.000000009     11    3186.588     975.078 / 1137.703
  231   113.665   -29.083302469 23172.222743636   152.896769134     0.043859328     0.081533700     0.000013034     0.000024519   1202    -0.000000009     11    3200.436     975.078 / 1137.703
  232   114.165   -29.083302478 23172.222255442   152.896769327     0.043865845     0.081545959     0.000012636     0.000023772   1207    -0.000000008     11    3213.099     977.500 / 1139.008
  233   114.665   -29.083302487 23172.221782140   152.896769514     0.043872163     0.081557844     0.000012251     0.000023047   1212    -0.000000008     11    3225.406     981.504 / 1139.008
  234   115.165   -29.083302495 23172.221323276   152.896769695     0.043878288     0.081569366     0.000011877     0.000022344   1217    -0.000000007     11    3237.730     982.141 / 1139.008
  235   115.665   -29.083302503 23172.220878410   152.896769871     0.043884227     0.081580538     0.000011515     0.000021662   1222    -0.000000007     11    3250.314     977.500 / 1139.008
  236   116.165   -29.083302510 23172.220447116   152.896770041     0.043889984     0.081591368     0.000011164     0.000021002   1227    -0.000000006     11    3262.809     977.500 / 1139.008
  237   116.665   -29.083302516 23172.220028978   152.896770206     0.043895566     0.081601868     0.000010823     0.000020361   1232    -0.000000006     11    3274.425     977.500 / 1139.008
  238   117.165   -29.083302523 23172.219623597   152.896770367     0.043900978     0.081612048     0.000010493     0.000019740   1237    -0.000000006     11    3286.705     977.500 / 1139.008
  239   117.665   -29.083302529 23172.219230583   152.896770522     0.043906224     0.081621918     0.000010173     0.000019138   1242    -0.000000005     11    3298.611     977.500 / 1139.008
  240   118.165   -29.083302534 23172.218849558   152.896770672     0.043911311     0.081631486     0.000009863     0.000018555   1247    -0.000000005     11    3311.390     977.500 / 1139.008
  241   118.665   -29.083302540 23172.218480157   152.896770818     0.043916242     0.081640763     0.000009562     0.000017989   1252    -0.000000005     11    3323.423     977.500 / 1139.008
  242   119.165   -29.083302545 23172.218122026   152.896770960     0.043921023     0.081649757     0.000009270     0.000017440   1257    -0.000000004     11    3335.060     977.500 / 1139.008
  243   119.665   -29.083302549 23172.217774821   152.896771097     0.043925658     0.081658476     0.000008988     0.000016908   1262    -0.000000004     11    3346.898     977.500 / 1139.008
  244   120.165   -29.083302554 23172.217438208   152.896771230     0.043930152     0.081666930     0.000008713     0.000016392   1267    -0.000000004     11    3359.498     977.500 / 1140.742
  245   120.665   -29.083302558 23172.217111865   152.896771359     0.043934509     0.081675125     0.000008448     0.000015892   1272    -0.000000004     11    3372.346     977.500 / 1140.742
  246   121.165   -29.083302561 23172.216795478   152.896771484     0.043938733     0.081683071     0.000008190     0.000015408   1277    -0.000000003     11    3384.744     977.500 / 1140.742
  247   121.665   -29.083302565 23172.216488744   152.896771606     0.043942827     0.081690774     0.000007940     0.000014938   1282    -0.000000003     11    3397.418     977.500 / 1140.742
  248   122.165   -29.083302568 23172.216191368   152.896771723     0.043946797     0.081698243     0.000007698     0.000014482   1287    -0.000000003     11    3409.088     977.500 / 1140.742
  249   122.665   -29.083302572 23172.215903065   152.896771837     0.043950646     0.081705483     0.000007463     0.000014040   1292    -0.000000003     11    3421.083     977.500 / 1140.742
  250   123.165   -29.083302575 23172.215623557   152.896771948     0.043954378     0.081712503     0.000007235     0.000013612   1297    -0.000000003     11    3433.251     977.500 / 1140.742
  251   123.665   -29.083302577 23172.215352577   152.896772055     0.043957996     0.081719308     0.000007015     0.000013197   1302    -0.000000002     11    3445.107     977.500 / 1140.742
  252   124.165   -29.083302580 23172.215089865   152.896772159     0.043961503     0.081725906     0.000006801     0.000012794   1307    -0.000000002     11    3459.481     978.191 / 1140.742
  253   124.665   -29.083302582 23172.214835168   152.896772260     0.043964903     0.081732303     0.000006593     0.000012404   1312    -0.000000002     11    3474.372     977.500 / 1140.742
  254   125.165   -29.083302585 23172.214588242   152.896772357     0.043968200     0.081738505     0.000006392     0.000012026   1317    -0.000000002     11    3488.597     980.211 / 1140.742
  255   125.665   -29.083302587 23172.214348849   152.896772452     0.043971396     0.081744517     0.000006197     0.000011659   1322    -0.000000002     11    3500.674     982.969 / 1140.742
  256   126.165   -29.083302589 23172.214116761   152.896772544     0.043974494     0.081750346     0.000006008     0.000011303   1327    -0.000000002     11    3513.516     980.211 / 1140.742
  257   126.665   -29.083302591 23172.213891753   152.896772633     0.043977498     0.081755997     0.000005825     0.000010958   1332    -0.000000002     11    3526.699     980.211 / 1140.742
  258   127.165   -29.083302593 23172.213673611   152.896772719     0.043980411     0.081761476     0.000005647     0.000010624   1337    -0.000000002     11    3538.687     980.211 / 1140.742
  259   127.665   -29.083302594 23172.213462125   152.896772803     0.043983234     0.081766787     0.000005475     0.000010300   1342    -0.000000002     11    3551.337     982.984 / 1140.742
  260   128.165   -29.083302596 23172.213257091   152.896772884     0.043985971     0.081771937     0.000005308     0.000009986   1347    -0.000000001     11    3563.408     992.215 / 1140.742
  261   128.665   -29.083302597 23172.213058313   152.896772963     0.043988625     0.081776929     0.000005146     0.000009681   1352    -0.000000001     11    3576.045     980.211 / 1140.742
  262   129.165   -29.083302599 23172.212865599   152.896773039     0.043991198     0.081781770     0.000004989     0.000009386   1357    -0.000000001     11    3587.453     980.211 / 1140.742
  263   129.665   -29.083302600 23172.212678766   152.896773113     0.043993692     0.081786462     0.000004837     0.000009099   1362    -0.000000001     11    3598.958     980.211 / 1140.742
  264   130.165   -29.083302601 23172.212497634   152.896773185     0.043996111     0.081791012     0.000004689     0.000008822   1367    -0.000000001     11    3610.860     983.172 / 1140.742
  265   130.665   -29.083302602 23172.212322028   152.896773254     0.043998455     0.081795422     0.000004546     0.000008553   1372    -0.000000001     11    3622.749     980.211 / 1140.742
  266   131.165   -29.083302603 23172.212151780   152.896773322     0.044000728     0.081799698     0.000004407     0.000008292   1377    -0.000000001     11    3634.580     993.965 / 1140.742
  267   131.665   -29.083302604 23172.211986726   152.896773387     0.044002932     0.081803844     0.000004273     0.000008039   1382    -0.000000001     11    3647.193     980.211 / 1140.742
  268   132.165   -29.083302605 23172.211826709   152.896773450     0.044005068     0.081807863     0.000004142     0.000007793   1387    -0.000000001     11    3659.568     980.207 / 1140.742
  269   132.665   -29.083302606 23172.211671574   152.896773512     0.044007139     0.081811759     0.000004016     0.000007556   1392    -0.000000001     11    3672.336     991.609 / 1140.742
  270   133.165   -29.083302607 23172.211521173   152.896773571     0.044009147     0.081815537     0.000003894     0.000007325   1397    -0.000000001     11    3684.420     980.207 / 1140.742
  271   133.665   -29.083302608 23172.211375360   152.896773629     0.044011094     0.081819199     0.000003775     0.000007102   1402    -0.000000001     11    3695.635     997.457 / 1140.742
  272   134.165   -29.083302609 23172.211233997   152.896773685     0.044012982     0.081822750     0.000003660     0.000006885   1407    -0.000000001     11    3707.159     980.207 / 1140.742
  273   134.665   -29.083302609 23172.211096947   152.896773739     0.044014811     0.081826192     0.000003548     0.000006675   1412    -0.000000001     11    3719.891     980.207 / 1140.742
  274   135.165   -29.083302610 23172.210964079   152.896773792     0.044016585     0.081829529     0.000003440     0.000006471   1417    -0.000000001     11    3732.413     993.828 / 1140.742
  275   135.665   -29.083302610 23172.210835265   152.896773843     0.044018305     0.081832765     0.000003335     0.000006274   1422    -0.000000001     11    3744.260     980.207 / 1140.742
  276   136.165   -29.083302611 23172.210710381   152.896773892     0.044019972     0.081835902     0.000003233     0.000006082   1427    -0.000000001     11    3756.540     982.363 / 1140.742
  277   136.665   -29.083302612 23172.210589308   152.896773940     0.044021589     0.081838943     0.000003134     0.000005897   1432    -0.000000000     11    3768.546     993.371 / 1140.742
  278   137.165   -29.083302612 23172.210471929   152.896773986     0.044023156     0.081841891     0.000003039     0.000005717   1437    -0.000000000     11    3780.833     982.488 / 1140.742
  279   137.665   -29.083302612 23172.210358132   152.896774032     0.044024675     0.081844749     0.000002946     0.000005543   1442    -0.000000000     11    3793.120     980.207 / 1140.742
  280   138.165   -29.083302613 23172.210247807   152.896774075     0.044026148     0.081847520     0.000002856     0.000005373   1447    -0.000000000     11    3805.107     980.207 / 1140.742
  281   138.665   -29.083302613 23172.210140849   152.896774118     0.044027576     0.081850207     0.000002769     0.000005209   1452    -0.000000000     11    3817.452     980.207 / 1140.742
  282   139.165   -29.083302614 23172.210037154   152.896774159     0.044028961     0.081852811     0.000002684     0.000005051   1457    -0.000000000     11    3830.032     980.207 / 1140.742
  283   139.665   -29.083302614 23172.209936623   152.896774198     0.044030303     0.081855336     0.000002603     0.000004896   1462    -0.000000000     11    3842.218     980.207 / 1140.742
  284   140.165   -29.083302614 23172.209839160   152.896774237     0.044031604     0.081857785     0.000002523     0.000004747   1467    -0.000000000     11    3853.594     992.531 / 1140.742
  285   140.665   -29.083302615 23172.209744670   152.896774274     0.044032866     0.081860158     0.000002446     0.000004602   1472    -0.000000000     11    3865.082     993.855 / 1140.742
  286   141.165   -29.083302615 23172.209653064   152.896774311     0.044034089     0.081862459     0.000002372     0.000004462   1477    -0.000000000     11    3876.296     980.207 / 1140.742
  287   141.665   -29.083302615 23172.209564253   152.896774346     0.044035275     0.081864690     0.000002299     0.000004326   1482    -0.000000000     11    3887.315     983.547 / 1140.742
  288   142.165   -29.083302615 23172.209478152   152.896774380     0.044036424     0.081866852     0.000002229     0.000004194   1487    -0.000000000     11    3899.944     992.500 / 1140.742
  289   142.665   -29.083302616 23172.209394678   152.896774413     0.044037539     0.081868949     0.000002161     0.000004066   1492    -0.000000000     11    3912.249     980.207 / 1140.742
  290   143.165   -29.083302616 23172.209313751   152.896774445     0.044038619     0.081870982     0.000002095     0.000003942   1497    -0.000000000     11    3924.502     993.883 / 1140.742
  291   143.665   -29.083302616 23172.209235294   152.896774476     0.044039667     0.081872952     0.000002031     0.000003821   1502    -0.000000000     11    3936.430     980.207 / 1140.742
  292   144.165   -29.083302616 23172.209159230   152.896774506     0.044040683     0.081874863     0.000001969     0.000003705   1507    -0.000000000     11    3948.458     980.207 / 1140.742
  293   144.665   -29.083302616 23172.209085488   152.896774535     0.044041667     0.081876715     0.000001909     0.000003592   1512    -0.000000000     11    3959.896     980.207 / 1140.742
  294   145.165   -29.083302617 23172.209013996   152.896774564     0.044042622     0.081878511     0.000001851     0.000003482   1517    -0.000000000     11    3971.689     983.082 / 1140.742
  295   145.665   -29.083302617 23172.208944685   152.896774591     0.044043547     0.081880252     0.000001794     0.000003376   1522    -0.000000000     11    3983.005     980.207 / 1140.742
  296   146.165   -29.083302617 23172.208877489   152.896774618     0.044044444     0.081881940     0.000001740     0.000003273   1527    -0.000000000     11    3996.279     980.207 / 1140.742
  297   146.665   -29.083302617 23172.208812344   152.896774644     0.044045314     0.081883576     0.000001687     0.000003173   1532    -0.000000000     11    4009.196     980.207 / 1140.742
  298   147.165   -29.083302617 23172.208749186   152.896774669     0.044046157     0.081885163     0.000001635     0.000003076   1537    -0.000000000     11    4020.146     980.207 / 1140.742
  299   147.665   -29.083302617 23172.208687956   152.896774693     0.044046975     0.081886701     0.000001585     0.000002982   1542    -0.000000000     11    4031.880     980.207 / 1140.742
  300   148.165   -29.083302617 23172.208628594   152.896774716     0.044047767     0.081888192     0.000001537     0.000002891   1547    -0.000000000     11    4042.950     980.207 / 1140.742
  301   148.665   -29.083302618 23172.208571043   152.896774739     0.044048536     0.081889637     0.000001490     0.000002803   1552    -0.000000000     11    4054.505     980.207 / 1140.742
  302   149.165   -29.083302618 23172.208515249   152.896774761     0.044049281     0.081891039     0.000001444     0.000002718   1557    -0.000000000     11    4065.810     980.207 / 1140.742
  303   149.665   -29.083302618 23172.208461157   152.896774783     0.044050003     0.081892397     0.000001400     0.000002635   1562    -0.000000000     11    4078.104     980.207 / 1140.742
  304   150.165   -29.083302618 23172.208408716   152.896774804     0.044050703     0.081893715     0.000001358     0.000002554   1567    -0.000000000     11    4090.541     980.207 / 1140.742
  305   150.665   -29.083302618 23172.208357874   152.896774824     0.044051382     0.081894992     0.000001316     0.000002476   1572    -0.000000000     11    4102.050     980.207 / 1140.742
  306   151.165   -29.083302618 23172.208308585   152.896774843     0.044052040     0.081896230     0.000001276     0.000002401   1577    -0.000000000     11    4114.517     980.207 / 1140.742
  307   151.665   -29.083302618 23172.208260799   152.896774862     0.044052678     0.081897430     0.000001237     0.000002328   1582    -0.000000000     11    4127.420     983.074 / 1140.742
  308   152.165   -29.083302618 23172.208214471   152.896774880     0.044053297     0.081898594     0.000001199     0.000002257   1587    -0.000000000     11    4139.008     980.207 / 1140.742
  309   152.665   -29.083302618 23172.208169557   152.896774898     0.044053896     0.081899722     0.000001163     0.000002188   1592    -0.000000000     11    4151.317     980.207 / 1140.742
  310   153.165   -29.083302618 23172.208126014   152.896774916     0.044054478     0.081900816     0.000001127     0.000002121   1597    -0.000000000     11    4163.800     982.363 / 1140.742
  311   153.665   -29.083302618 23172.208083799   152.896774932     0.044055041     0.081901876     0.000001093     0.000002056   1602    -0.000000000     11    4174.503     980.207 / 1140.742
  312   154.165   -29.083302618 23172.208042872   152.896774948     0.044055588     0.081902904     0.000001060     0.000001993   1607    -0.000000000     11    4186.119     980.207 / 1140.742
  313   154.665   -29.083302618 23172.208003195   152.896774964     0.044056118     0.081903901     0.000001027     0.000001933   1612    -0.000000000     11    4197.740     980.207 / 1140.742
  314   155.165   -29.083302618 23172.207964728   152.896774979     0.044056631     0.081904867     0.000000996     0.000001874   1617    -0.000000000     11    4210.397     992.617 / 1140.742
  315   155.665   -29.083302618 23172.207927435   152.896774994     0.044057129     0.081905804     0.000000965     0.000001816   1622    -0.000000000     11    4221.823     980.207 / 1140.742
  316   156.165   -29.083302618 23172.207891279   152.896775009     0.044057612     0.081906712     0.000000936     0.000001761   1627    -0.000000000     11    4233.394     980.207 / 1140.742
  317   156.665   -29.083302618 23172.207856227   152.896775022     0.044058080     0.081907592     0.000000907     0.000001707   1632    -0.000000000     11    4244.628     981.656 / 1140.742
  318   157.165   -29.083302618 23172.207822245   152.896775036     0.044058534     0.081908446     0.000000880     0.000001655   1637    -0.000000000     11    4256.894     981.309 / 1140.742
  319   157.665   -29.083302618 23172.207789300   152.896775049     0.044058973     0.081909274     0.000000853     0.000001605   1642    -0.000000000     11    4268.999     980.207 / 1140.742
  320   158.165   -29.083302618 23172.207757360   152.896775062     0.044059400     0.081910076     0.000000827     0.000001556   1647    -0.000000000     11    4280.667     980.207 / 1140.742
  321   158.665   -29.083302619 23172.207726394   152.896775074     0.044059813     0.081910854     0.000000802     0.000001508   1652    -0.000000000     11    4292.387     983.547 / 1140.742
  322   159.165   -29.083302619 23172.207696374   152.896775086     0.044060214     0.081911608     0.000000777     0.000001462   1657    -0.000000000     11    4303.311     980.207 / 1140.742
  323   159.665   -29.083302619 23172.207667269   152.896775097     0.044060603     0.081912339     0.000000753     0.000001418   1662    -0.000000000     11    4313.906     993.695 / 1140.742
  324   160.165   -29.083302619 23172.207639053   152.896775108     0.044060980     0.081913048     0.000000730     0.000001374   1667    -0.000000000     11    4325.747     980.207 / 1140.742
  325   160.665   -29.083302619 23172.207611698   152.896775119     0.044061345     0.081913735     0.000000708     0.000001332   1672    -0.000000000     11    4337.864     980.207 / 1140.742
  326   161.165   -29.083302619 23172.207585177   152.896775130     0.044061699     0.081914401     0.000000687     0.000001292   1677    -0.000000000     11    4349.128     992.477 / 1140.742
  327   161.665   -29.083302619 23172.207559466   152.896775140     0.044062042     0.081915047     0.000000666     0.000001252   1682    -0.000000000     11    4361.129     995.980 / 1140.742
  328   162.165   -29.083302619 23172.207534539   152.896775150     0.044062375     0.081915673     0.000000645     0.000001214   1687    -0.000000000     11    4372.121     997.449 / 1140.742
  329   162.665   -29.083302619 23172.207510373   152.896775159     0.044062698     0.081916280     0.000000626     0.000001177   1692    -0.000000000     11    4383.335     995.641 / 1140.742
  330   163.165   -29.083302619 23172.207486944   152.896775169     0.044063010     0.081916869     0.000000607     0.000001141   1697    -0.000000000     11    4395.738     995.766 / 1140.742
  331   163.665   -29.083302619 23172.207464230   152.896775178     0.044063314     0.081917439     0.000000588     0.000001106   1702    -0.000000000     11    4407.237     995.855 / 1140.742
  332   164.165   -29.083302619 23172.207442210   152.896775186     0.044063608     0.081917992     0.000000570     0.000001073   1707    -0.000000000     11    4419.229     980.207 / 1140.742
  333   164.665   -29.083302619 23172.207420861   152.896775195     0.044063893     0.081918528     0.000000553     0.000001040   1712    -0.000000000     11    4430.328     980.207 / 1140.742
  334   165.165   -29.083302619 23172.207400164   152.896775203     0.044064169     0.081919048     0.000000536     0.000001008   1717    -0.000000000     11    4441.483     997.586 / 1140.742
  335   165.665   -29.083302619 23172.207380098   152.896775211     0.044064437     0.081919552     0.000000519     0.000000977   1722    -0.000000000     11    4453.181     998.398 / 1140.742
  336   166.165   -29.083302619 23172.207360645   152.896775219     0.044064697     0.081920041     0.000000504     0.000000948   1727    -0.000000000     11    4464.924     997.613 / 1140.742
  337   166.665   -29.083302619 23172.207341785   152.896775226     0.044064949     0.081920515     0.000000488     0.000000919   1732    -0.000000000     11    4476.478    1000.699 / 1140.742
  338   167.165   -29.083302619 23172.207323501   152.896775233     0.044065193     0.081920974     0.000000473     0.000000891   1737    -0.000000000     11    4487.923     994.816 / 1140.742
  339   167.665   -29.083302619 23172.207305774   152.896775240     0.044065429     0.081921419     0.000000459     0.000000863   1742    -0.000000000     11    4499.595    1000.277 / 1140.742
    0   167.665   -15.920724694 23182.646862760   -15.920724694     0.000000000     0.000000000     0.000001938     0.000018635   1742     0.000000000     12    4499.978    1000.277 / 1140.742
